204.000000
15.000000
261.000000
65.000000
96.000000
730.000000
10088.000000
926.000000
38.000000
74.000000
11033.000000
4430.000000
223.000000
731.000000
5427.000000
522.000000
404.000000
1506.000000
1050.000000
2149.000000
929.490234
832.870667
887.133362
871.780457
890.513794
864.937317
432.135834
285.396088
430.059174
299.425781
431.912262
351.195679
271.138733
327.973175
262.142609
335.999756
301.724579
339.806763
430.338501
275.050354
428.285614
286.788239
430.094757
327.721924
285.104858
338.391693
273.731781
356.894775
312.323700
345.031738
431.650909
305.254150
429.574402
315.066437
431.436401
280.761261
346.876343
342.364075
322.780457
350.821777
278.395630
357.523132
878.511536
527.345337
874.696045
556.234802
877.705383
673.196411
662.689026
510.320496
660.990906
592.853760
686.594238
871.067810
531.601074
873.939697
624.727173
688.877869
611.089478
666.843079
877.152771
529.117981
721.015442
1004.000000
902.000000
898.000000
965.000000
897.000000
927.000000
495.384644
78.461540
436.769257
238.076935
437.538483
370.384644
67.000000
418.153870
154.769241
399.923096
217.769241
413.000031
437.230774
152.923080
436.538483
90.307693
437.230774
329.230774
242.692322
413.000031
91.153847
465.769257
234.153854
410.615387
437.538483
217.000015
436.769257
229.538467
437.538483
80.538467
364.230774
416.538483
317.076935
423.076935
80.230774
424.461548
894.000000
421.000000
895.000000
683.000000
330.000000
831.000000
401.000000
850.000000
895.000000
583.000000
401.000000
866.000000
