0.000000 156.000000
0.000000 20.000000
0.000000 45.000000
0.000000 9.000000
0.000000 122.000000
0.000000 607.000000
0.000000 1321.000000
0.000000 239.000000
0.000000 14.000000
0.000000 81.000000
0.000000 1366.000000
0.000000 1642.000000
0.000000 32.000000
0.000000 303.000000
0.000000 2157.000000
0.000000 22.000000
0.000000 27.000000
0.000000 155.000000
0.000000 621.000000
0.000000 1247.000000
0.003922 75.847061
0.013725 45.123531
0.001961 76.011772
0.015686 58.107845
0.001961 72.845100
0.015686 56.313728
0.000000 49.509178
0.000000 21.010471
0.000000 49.465572
0.000000 32.769047
0.000000 47.505257
0.000000 44.624424
0.000000 18.940786
0.000000 33.809486
0.000000 17.618599
0.000000 33.306068
0.000000 21.931644
0.000000 33.117931
0.000000 49.247841
0.000000 18.086792
0.000000 49.273750
0.000000 19.960676
0.000000 47.078545
0.000000 35.046761
0.000000 31.809338
0.000000 33.391769
0.000000 19.410233
0.000000 49.409523
0.000000 21.036886
0.000000 47.553402
0.000000 47.582321
0.000000 22.137213
0.000000 46.878849
0.000000 21.073940
0.000000 47.119843
0.000000 19.575422
0.000000 43.723232
0.000000 32.674805
0.000000 34.013084
0.000000 47.744225
0.000000 19.000555
0.000000 46.042526
0.000062 117.316383
0.007782 44.131119
0.000123 117.030296
0.007720 67.100410
0.000384 112.840614
0.005075 90.391388
0.000384 70.290703
0.001907 43.123245
0.000446 67.835510
0.001446 57.443047
0.000431 68.992630
0.000015 116.983040
0.003906 43.693317
0.000046 112.614868
0.003322 70.372284
0.000523 103.106667
0.003875 45.269066
0.000492 99.001122
0.000015 109.160431
0.003906 43.101883
0.000492 95.685844
0.000000 94.500000
0.000000 56.000000
0.000000 97.500000
0.000000 64.000000
0.000000 95.000000
0.000000 65.000000
0.000000 79.846153
0.000000 13.846154
0.000000 77.000000
0.000000 36.538464
0.000000 78.000000
0.000000 61.307693
0.000000 12.692308
0.000000 51.692310
0.000000 36.692310
0.000000 52.538464
0.000000 39.923077
0.000000 52.000004
0.000000 76.076927
0.000000 36.615387
0.000000 81.230774
0.000000 16.384617
0.000000 76.307693
0.000000 61.307693
0.000000 39.769234
0.000000 52.692310
0.000000 14.000001
0.000000 58.615387
0.000000 38.230770
0.000000 59.230770
0.000000 77.153847
0.000000 38.615387
0.000000 78.076927
0.000000 32.692310
0.000000 83.769234
0.000000 14.538462
0.000000 59.615387
0.000000 51.538464
0.000000 59.615387
0.000000 59.846157
0.000000 14.230770
0.000000 60.692310
0.000000 185.000000
0.000000 81.000000
0.000000 182.000000
0.000000 124.000000
0.000000 86.000000
0.000000 110.000000
0.000000 101.000000
0.000000 99.000000
0.000000 184.000000
0.000000 123.000000
0.000000 74.000000
0.000000 128.000000
