----------------------------------------------------------
colorCHLAC - rotateion variant - (981)
----------------------------------------------------------
0
0 0.846456
1
1 0.864173
2
2 0.854559
3
3 0.825733
4
4 0.875663
5
47 0.806339
6
6 0.846776
7
35 0.922179
8
43 0.921875
9
37 0.927939
10
45 0.918516
11
39 0.923073
12
47 0.92344
13
48 0.922471
14
14 0.871081
15
15 0.856313
16
16 0.858439
17
17 0.863865
18
18 0.859374
19
19 0.861826
20
20 0.871875
21
35 0.922179
22
43 0.921875
23
37 0.927939
24
45 0.918517
25
39 0.923072
26
47 0.923441
27
48 0.922471
28
42 0.865741
29
43 0.884712
30
44 0.865026
31
45 0.870507
32
46 0.869647
33
47 0.874973
34
48 0.871359
35
35 0.980023
36
36 0.978796
37
37 0.97856
38
38 0.969627
39
39 0.978946
40
40 0.978388
41
41 0.980619
42
42 0.772241
43
43 0.789884
44
44 0.779438
45
45 0.780858
46
46 0.778267
47
47 0.783351
48
48 0.77328
----------------------------------------------------------
GRSD-colorCHLAC - rotation variant - (1001)
----------------------------------------------------------
0
0 0.728625
1
1 0.668145
2
2 0.677656
3
3 0.934886
4
4 0.671199
5
5 0.852386
6
6 0.668573
7
42 0.661293
8
43 0.631663
9
44 0.657265
10
45 0.694301
11
46 0.617462
12
47 0.667693
13
48 0.591009
14
14 0.773701
15
15 0.747795
16
16 0.728596
17
17 0.741353
18
18 0.726552
19
19 0.741564
20
20 0.742488
21
42 0.690648
22
43 0.648101
23
44 0.675176
24
45 0.702765
25
46 0.641223
26
47 0.70617
27
48 0.617845
28
28 0.528798
29
29 0.505062
30
30 0.519007
31
31 0.504702
32
32 0.526158
33
33 0.569934
34
34 0.546783
35
35 0.97181
36
36 0.968077
37
37 0.971542
38
38 0.975328
39
39 0.969314
40
40 0.972337
41
41 0.970098
42
42 0.773796
43
29 0.753242
44
30 0.753147
45
45 0.79222
46
32 0.76555
47
47 0.782806
48
34 0.760599
----------------------------------------------------------
GRSD (20)
----------------------------------------------------------
0
0 0.999933
1
0 0.999933
2
0 0.999933
3
0 0.999933
4
0 0.999933
5
0 0.999933
6
0 0.999933
7
21 0.999621
8
21 0.999621
9
21 0.999621
10
21 0.999621
11
21 0.999621
12
21 0.999621
13
21 0.999621
14
0 1
15
0 1
16
0 1
17
0 1
18
0 1
19
0 1
20
0 1
21
21 0.999996
22
21 0.999996
23
21 0.999996
24
21 0.999996
25
21 0.999996
26
21 0.999996
27
21 0.999996
28
21 1
29
21 1
30
21 1
31
21 1
32
21 1
33
21 1
34
21 1
35
0 1
36
0 1
37
0 1
38
0 1
39
0 1
40
0 1
41
0 1
42
0 1
43
0 1
44
0 1
45
0 1
46
0 1
47
0 1
48
0 1
----------------------------------------------------------
GRSD-colorCHLAC - rotation invariant - (137)
----------------------------------------------------------
0
0 0.992686
1
1 0.990494
2
2 0.992708
3
3 0.990838
4
4 0.991111
5
5 0.990781
6
6 0.990929
7
21 0.830289
8
21 0.763787
9
23 0.829433
10
21 0.76546
11
21 0.765171
12
21 0.765434
13
21 0.765423
14
35 0.999721
15
36 0.999895
16
37 0.999615
17
38 0.999933
18
39 0.999917
19
19 0.999939
20
20 0.999851
21
21 0.999243
22
22 0.976765
23
23 0.998813
24
24 0.972502
25
25 0.986511
26
26 0.972869
27
27 0.972037
28
28 0.999924
29
29 0.999972
30
30 0.999877
31
31 0.99997
32
32 0.999972
33
33 0.999985
34
34 0.999942
35
35 0.999791
36
15 0.999918
37
37 0.999688
38
17 0.999939
39
39 0.999928
40
19 0.999953
41
20 0.999889
42
42 1
43
43 1
44
44 1
45
45 0.999998
46
46 1
47
47 1
48
48 1
