----------------------------------------------------------
colorCHLAC - rotateion variant - (981)
----------------------------------------------------------
0
0 0.938192
1
1 0.915939
2
2 0.931761
3
3 0.98476
4
4 0.900029
5
5 0.977655
6
6 0.943955
7
42 0.924091
8
43 0.925187
9
37 0.928672
10
45 0.985035
11
39 0.926455
12
47 0.982521
13
48 0.926259
14
14 0.85135
15
15 0.845426
16
16 0.850511
17
17 0.820105
18
18 0.852316
19
19 0.824522
20
20 0.857267
21
42 0.924091
22
43 0.925187
23
37 0.928672
24
45 0.985034
25
39 0.926454
26
47 0.98252
27
48 0.92626
28
42 0.880159
29
43 0.892401
30
44 0.868793
31
45 0.958583
32
46 0.874198
33
47 0.951528
34
48 0.881448
35
35 0.983788
36
36 0.97968
37
37 0.982861
38
38 0.984834
39
39 0.982668
40
40 0.984083
41
41 0.98316
42
0 0.820417
43
1 0.852145
44
44 0.784189
45
45 0.968902
46
46 0.783335
47
47 0.96224
48
6 0.825429
----------------------------------------------------------
GRSD-colorCHLAC - rotation variant - (1001)
----------------------------------------------------------
0
0 0.938004
1
1 0.961821
2
2 0.959764
3
3 0.969591
4
4 0.955597
5
5 0.964541
6
6 0.955149
7
42 0.890287
8
43 0.883231
9
44 0.891305
10
45 0.914574
11
46 0.886756
12
47 0.902897
13
48 0.886434
14
14 0.678225
15
15 0.696363
16
16 0.692821
17
17 0.670289
18
18 0.692355
19
19 0.668766
20
20 0.688658
21
42 0.900007
22
43 0.89042
23
44 0.898393
24
45 0.931008
25
46 0.894103
26
47 0.917191
27
48 0.894974
28
42 0.660166
29
43 0.647802
30
44 0.675664
31
45 0.610458
32
46 0.665202
33
47 0.628578
34
48 0.650545
35
35 0.940361
36
36 0.937151
37
37 0.946482
38
38 0.951593
39
39 0.940505
40
40 0.94558
41
41 0.938145
42
42 0.978421
43
43 0.97584
44
44 0.97224
45
45 0.980807
46
46 0.978548
47
47 0.978734
48
48 0.980635
----------------------------------------------------------
GRSD (20)
----------------------------------------------------------
0
0 0.999933
1
0 0.999933
2
0 0.999933
3
0 0.999933
4
0 0.999933
5
0 0.999933
6
0 0.999933
7
21 0.999621
8
21 0.999621
9
21 0.999621
10
21 0.999621
11
21 0.999621
12
21 0.999621
13
21 0.999621
14
0 1
15
0 1
16
0 1
17
0 1
18
0 1
19
0 1
20
0 1
21
21 0.999996
22
21 0.999996
23
21 0.999996
24
21 0.999996
25
21 0.999996
26
21 0.999996
27
21 0.999996
28
21 1
29
21 1
30
21 1
31
21 1
32
21 1
33
21 1
34
21 1
35
0 1
36
0 1
37
0 1
38
0 1
39
0 1
40
0 1
41
0 1
42
0 1
43
0 1
44
0 1
45
0 1
46
0 1
47
0 1
48
0 1
----------------------------------------------------------
GRSD-colorCHLAC - rotation invariant - (137)
----------------------------------------------------------
0
0 0.982694
1
1 0.980462
2
2 0.980472
3
3 0.983336
4
4 0.984812
5
5 0.983432
6
6 0.98367
7
15 0.0514407
8
15 0.0523384
9
15 0.0521639
10
15 0.0515819
11
15 0.0506808
12
15 0.0511935
13
15 0.0520826
14
14 0.999313
15
15 0.999833
16
16 0.999427
17
38 0.999819
18
18 0.999823
19
19 0.999775
20
41 0.999706
21
21 0.311514
22
43 0.314298
23
44 0.314348
24
24 0.331955
25
25 0.345237
26
26 0.350692
27
48 0.336082
28
28 0.999992
29
29 0.999994
30
30 0.999994
31
31 0.999995
32
32 0.999997
33
33 0.999998
34
34 0.999993
35
14 0.999827
36
15 0.999955
37
16 0.999858
38
38 0.99995
39
18 0.99995
40
40 0.999942
41
41 0.999925
42
0 1
43
43 0.999803
44
44 0.999906
45
45 0.999918
46
46 0.999892
47
47 0.999972
48
48 0.999851
