14.2857 36.3265 78.7755 100.0000
14.2857 30.6122 78.3673 100.0000
14.2857 25.7142 72.6530 100.0000
14.2857 19.1836 70.6122 98.3673
11.8367 15.1020 60.8163 73.0612
10.6122 14.6938 55.5102 71.4285
10.2040 15.1020 59.5918 71.4285
7.3469 18.7755 57.1428 52.2448
6.9387 18.3673 48.1632 42.8571
5.7142 17.9591 48.5714 42.0408

14.2857 100.0000 100.0000 100.0000
14.2857 68.5714 100.0000 100.0000
14.2857 57.1428 98.7755 100.0000
14.2857 39.1836 85.7142 100.0000
12.2448 28.5714 77.5510 71.8367
10.2040 28.5714 77.9591 71.4285
10.2040 28.5714 83.6734 71.4285
8.1632 28.5714 62.4489 47.7551
6.5306 14.2857 57.1428 42.8571
5.7142 14.2857 57.1428 40.0000
