----------------------------------------------------------
colorCHLAC - rotation variant - (981)
----------------------------------------------------------
obj000
---------------------------------------------------------
0 0.998378
0 0.999052
0 0.998688
0 0.998282
0 0.998587
0 0.998611
0 0.996738
0 0.99909
0 0.998005
0 0.998199
0 0.998051
0 0.99867
0 0.997666
0 0.998753
0 0.998977
0 0.997489
0 0.998206
0 0.99836
0 0.99879
0 0.998607
0 0.998894
0 0.998462
0 0.998279
0 0.998616
obj001
---------------------------------------------------------
1 0.992224
1 0.985224
1 0.978104
1 0.99412
1 0.985305
1 0.980885
1 0.99445
1 0.994753
1 0.986169
1 0.992112
1 0.992794
1 0.990022
1 0.98351
1 0.988622
1 0.986835
1 0.987926
1 0.986112
1 0.992781
15 0.974525
1 0.976315
1 0.985683
1 0.97778
1 0.988448
1 0.983946
obj002
---------------------------------------------------------
2 0.99986
2 0.999669
2 0.999847
2 0.999954
2 0.999742
2 0.999939
2 0.999963
2 0.99993
2 0.999727
2 0.999888
2 0.999911
2 0.999775
2 0.999963
2 0.999767
2 0.999852
2 0.999714
2 0.999921
2 0.999939
2 0.999882
2 0.999746
2 0.99977
2 0.999916
2 0.999957
2 0.999917
obj003
---------------------------------------------------------
3 0.998033
3 0.994812
3 0.997229
3 0.99786
3 0.994988
3 0.995938
3 0.995057
3 0.998011
3 0.997905
3 0.997935
3 0.996744
3 0.997288
3 0.998708
3 0.995767
3 0.99734
3 0.995697
3 0.998173
3 0.994434
3 0.995157
3 0.995528
3 0.99452
3 0.996861
3 0.996498
3 0.993425
obj004
---------------------------------------------------------
4 0.998347
4 0.994977
4 0.995691
4 0.996021
4 0.996876
4 0.998267
4 0.997578
4 0.99777
4 0.997522
4 0.996589
4 0.998672
4 0.996816
4 0.997613
4 0.999349
4 0.996752
4 0.99882
4 0.997945
4 0.996927
4 0.998036
4 0.998895
4 0.997995
4 0.996364
4 0.996876
4 0.998454
obj005
---------------------------------------------------------
5 0.999245
5 0.999341
5 0.9989
5 0.997983
5 0.997624
5 0.998786
5 0.998361
5 0.997324
5 0.99722
5 0.998789
5 0.998748
5 0.997376
5 0.998909
5 0.998779
5 0.997972
5 0.999017
5 0.998904
5 0.99781
5 0.998757
5 0.998482
5 0.998402
5 0.998938
5 0.998594
5 0.998131
obj006
---------------------------------------------------------
6 0.995301
6 0.994686
6 0.994055
6 0.990215
6 0.992597
6 0.993249
6 0.988596
6 0.990284
6 0.989117
6 0.989283
6 0.989765
6 0.994927
6 0.995153
6 0.989839
6 0.99057
6 0.995656
6 0.989221
6 0.997805
6 0.988235
6 0.988059
6 0.992137
6 0.987655
6 0.990467
6 0.991307
obj007
---------------------------------------------------------
7 0.998926
7 0.998612
7 0.998787
7 0.999185
7 0.995872
7 0.99594
7 0.998216
7 0.998725
7 0.998693
7 0.996831
7 0.998621
7 0.998642
7 0.998377
7 0.895474
7 0.998893
7 0.998809
7 0.999013
7 0.998269
7 0.9983
7 0.995135
7 0.998763
7 0.994137
7 0.998896
7 0.996718
obj008
---------------------------------------------------------
8 0.995568
8 0.996387
8 0.996173
8 0.996725
8 0.997443
8 0.996936
8 0.996792
8 0.997199
8 0.996271
8 0.996304
8 0.996418
8 0.996807
8 0.997457
8 0.994293
8 0.995307
8 0.997029
8 0.99596
8 0.994875
8 0.996961
8 0.995271
8 0.997417
8 0.996994
8 0.997461
8 0.998754
obj009
---------------------------------------------------------
9 0.997606
9 0.997627
9 0.997949
9 0.997535
9 0.997198
9 0.997335
9 0.996646
9 0.997527
9 0.998535
9 0.997498
9 0.99814
9 0.997163
9 0.996284
9 0.996188
9 0.998116
9 0.996338
9 0.997501
9 0.99864
9 0.996921
9 0.99831
9 0.998233
9 0.997973
9 0.996571
9 0.996259
obj010
---------------------------------------------------------
10 0.997804
10 0.996488
10 0.997305
10 0.997596
10 0.996001
10 0.997479
10 0.995054
10 0.997358
10 0.992455
10 0.996702
10 0.997283
10 0.996507
10 0.996769
10 0.996508
10 0.997804
10 0.993966
10 0.998213
10 0.998494
10 0.993281
10 0.997011
10 0.997165
10 0.997251
10 0.994156
10 0.995887
obj011
---------------------------------------------------------
11 0.994494
11 0.993401
11 0.998306
11 0.999178
11 0.997493
11 0.999239
11 0.998734
11 0.999173
11 0.999114
11 0.996643
11 0.998721
11 0.997845
11 0.998265
11 0.999106
11 0.998391
11 0.999483
11 0.998846
11 0.99889
11 0.992209
11 0.998872
11 0.993392
11 0.995835
11 0.998213
11 0.990835
obj012
---------------------------------------------------------
12 0.994068
12 0.997869
12 0.997915
12 0.997739
12 0.999045
12 0.996588
12 0.998122
12 0.999032
12 0.998377
12 0.998436
12 0.999321
12 0.994844
12 0.997624
12 0.995305
12 0.999142
12 0.991624
12 0.994806
12 0.998281
12 0.9872
12 0.999108
12 0.998692
12 0.998074
12 0.998501
12 0.998302
obj013
---------------------------------------------------------
13 0.995684
13 0.994464
13 0.99418
13 0.997818
13 0.995585
13 0.997295
13 0.998301
13 0.992678
13 0.987243
13 0.99763
13 0.991484
13 0.994555
13 0.995152
13 0.985226
13 0.994228
13 0.998209
13 0.996959
13 0.993393
13 0.99424
13 0.997774
13 0.997765
13 0.992813
13 0.997997
13 0.988973
obj014
---------------------------------------------------------
14 0.995218
14 0.997371
14 0.995752
14 0.998383
14 0.9959
14 0.996861
14 0.996104
14 0.998384
14 0.994425
14 0.997389
14 0.998845
14 0.998464
14 0.997094
14 0.997432
14 0.996672
14 0.99742
14 0.9967
14 0.997529
14 0.996645
14 0.998068
14 0.997305
14 0.998721
14 0.998008
14 0.996415
obj015
---------------------------------------------------------
15 0.999522
15 0.999677
15 0.999739
15 0.997719
15 0.998641
15 0.999644
15 0.99989
15 0.999784
15 0.999572
15 0.99935
15 0.999683
15 0.999583
15 0.998499
15 0.999815
15 0.998934
15 0.999145
15 0.999228
15 0.999912
15 0.999508
15 0.999903
15 0.999587
15 0.999801
15 0.999689
15 0.999774
obj016
---------------------------------------------------------
16 0.99729
16 0.99649
16 0.99672
16 0.995735
16 0.998075
16 0.996581
16 0.997161
16 0.997402
16 0.996043
16 0.996492
16 0.997707
16 0.997116
16 0.994666
16 0.995825
16 0.99627
16 0.996313
16 0.995097
16 0.996429
16 0.995595
16 0.995879
16 0.9982
16 0.996178
16 0.996388
16 0.992232
obj017
---------------------------------------------------------
17 0.995477
17 0.994301
17 0.995088
17 0.984391
17 0.991365
17 0.994848
17 0.996668
17 0.979436
17 0.995717
17 0.995613
17 0.993357
17 0.997869
17 0.993875
17 0.98221
17 0.99816
17 0.981029
17 0.996727
17 0.994065
17 0.991819
17 0.996124
17 0.996018
17 0.983488
17 0.997115
17 0.995284
obj018
---------------------------------------------------------
18 0.997893
18 0.995313
18 0.99748
18 0.995344
18 0.995313
18 0.998088
18 0.998308
18 0.994645
18 0.998595
18 0.994148
18 0.999109
18 0.998594
18 0.997808
18 0.997405
18 0.996549
18 0.993859
18 0.991409
18 0.995868
18 0.99624
18 0.998406
18 0.995837
18 0.999057
18 0.996539
18 0.997856
obj019
---------------------------------------------------------
19 0.99826
19 0.995479
19 0.995637
19 0.996379
19 0.996181
19 0.998546
19 0.998942
19 0.998718
19 0.997993
19 0.995007
19 0.998313
19 0.998669
19 0.998672
19 0.998484
19 0.998062
19 0.998697
19 0.99817
19 0.998345
19 0.99583
19 0.994988
19 0.996309
19 0.998573
19 0.998633
19 0.997473
obj020
---------------------------------------------------------
20 0.998254
20 0.994102
20 0.999376
20 0.998068
20 0.983595
20 0.993695
20 0.997678
20 0.995292
20 0.998752
20 0.997905
20 0.996365
20 0.998004
20 0.998355
20 0.996327
20 0.997876
20 0.99719
20 0.986773
20 0.998208
20 0.99693
20 0.997834
20 0.995983
20 0.998591
20 0.998427
20 0.990724
obj021
---------------------------------------------------------
21 0.995327
21 0.982542
21 0.997523
21 0.995121
21 0.993173
21 0.993059
21 0.995243
21 0.990532
21 0.995224
21 0.994391
21 0.991917
21 0.99192
21 0.996071
21 0.994236
21 0.997151
21 0.992766
21 0.992509
21 0.993707
21 0.990342
21 0.993933
21 0.990293
21 0.993462
21 0.99505
21 0.99262
obj022
---------------------------------------------------------
22 0.989677
22 0.992374
22 0.98742
22 0.991241
22 0.98879
22 0.992049
22 0.992729
22 0.994236
22 0.99708
22 0.991173
22 0.985714
22 0.993553
22 0.99199
22 0.995247
22 0.980633
22 0.993511
22 0.994535
22 0.993259
22 0.991618
22 0.992758
22 0.994983
22 0.98597
22 0.991685
22 0.983871
obj023
---------------------------------------------------------
23 0.992488
23 0.993043
23 0.989514
23 0.996656
23 0.990264
23 0.988509
23 0.996292
23 0.994279
23 0.995689
23 0.995604
23 0.988582
23 0.996161
23 0.987833
23 0.990681
23 0.98499
23 0.987996
23 0.990662
23 0.983573
23 0.993299
23 0.985743
23 0.994709
23 0.995081
23 0.984563
23 0.994587
obj024
---------------------------------------------------------
24 0.997706
24 0.999303
24 0.998598
24 0.998057
24 0.996881
24 0.996401
24 0.998161
24 0.998991
24 0.998013
24 0.997647
24 0.999436
24 0.999468
24 0.996415
24 0.997722
24 0.998906
24 0.998635
24 0.999035
24 0.99739
24 0.997316
24 0.997405
24 0.997646
24 0.99917
24 0.910847
24 0.999179
obj025
---------------------------------------------------------
25 0.99441
25 0.992448
25 0.991137
25 0.989885
25 0.947651
25 0.996782
25 0.991555
25 0.993798
25 0.995497
25 0.996813
25 0.992685
25 0.996886
25 0.994154
25 0.989176
25 0.99499
25 0.993465
25 0.995341
25 0.995525
25 0.993809
25 0.99467
25 0.99587
25 0.990507
25 0.996126
25 0.994004
obj026
---------------------------------------------------------
26 0.998183
26 0.998538
26 0.998575
26 0.99861
26 0.99904
26 0.998775
26 0.998286
26 0.999254
26 0.999386
26 0.998298
26 0.999038
26 0.99927
26 0.998796
26 0.998536
26 0.999114
26 0.999394
26 0.999372
26 0.997502
26 0.998989
26 0.999381
26 0.999274
26 0.999057
26 0.99948
26 0.999255
obj027
---------------------------------------------------------
27 0.996252
27 0.992731
27 0.995022
27 0.993661
27 0.986283
27 0.995517
27 0.996401
27 0.99115
27 0.990885
27 0.992059
27 0.997387
27 0.994356
27 0.994983
27 0.994337
27 0.996728
27 0.993236
27 0.996543
27 0.996842
27 0.996261
27 0.993116
27 0.995293
27 0.993604
27 0.996246
27 0.993859
obj028
---------------------------------------------------------
28 0.996112
28 0.996244
28 0.996367
28 0.993718
28 0.996087
28 0.996375
28 0.996822
28 0.993688
28 0.99662
28 0.995466
28 0.994391
28 0.992959
28 0.995131
28 0.993654
28 0.994467
28 0.995889
28 0.997048
28 0.995792
28 0.993914
28 0.994969
28 0.996237
28 0.995976
28 0.995673
28 0.99613
obj029
---------------------------------------------------------
29 0.997067
29 0.995975
29 0.99468
29 0.994576
29 0.989103
29 0.990862
29 0.989008
29 0.995937
29 0.996946
29 0.985717
29 0.989212
29 0.985767
29 0.990063
29 0.998078
29 0.98096
29 0.994767
29 0.995624
29 0.996475
29 0.990358
29 0.997037
29 0.996956
29 0.996931
29 0.995664
29 0.992074
obj030
---------------------------------------------------------
30 0.998075
30 0.998739
30 0.997405
30 0.997585
30 0.998001
30 0.994157
30 0.997962
30 0.999099
30 0.997883
30 0.997467
30 0.997821
30 0.997226
30 0.997759
30 0.997007
30 0.99828
30 0.998402
30 0.997969
30 0.998585
30 0.997167
30 0.997933
30 0.998175
30 0.996783
30 0.997214
30 0.998358
obj031
---------------------------------------------------------
31 0.998067
31 0.998109
31 0.998593
31 0.997585
31 0.995798
31 0.997758
31 0.998392
31 0.994982
31 0.997728
31 0.998041
31 0.9979
31 0.998218
31 0.998284
31 0.99788
31 0.99689
31 0.996233
31 0.996495
31 0.996908
31 0.996483
31 0.996379
31 0.998486
31 0.996839
31 0.997702
31 0.99747
obj032
---------------------------------------------------------
32 0.996306
32 0.991638
32 0.991816
32 0.993787
32 0.987167
32 0.997443
32 0.995252
32 0.982121
32 0.998803
32 0.994094
32 0.995379
32 0.996731
32 0.995843
32 0.990392
32 0.98965
32 0.987064
32 0.979768
32 0.982607
32 0.994468
32 0.997816
32 0.987279
32 0.99725
32 0.997387
32 0.997533
obj033
---------------------------------------------------------
33 0.998949
33 0.996109
33 0.996462
33 0.997741
33 0.99706
33 0.998396
33 0.997665
33 0.998398
33 0.998596
33 0.998725
33 0.99801
33 0.998395
33 0.999284
33 0.998799
33 0.998428
33 0.999271
33 0.998298
33 0.999021
33 0.998819
33 0.997139
33 0.995729
33 0.997252
33 0.998366
33 0.998334
obj034
---------------------------------------------------------
34 0.997606
34 0.99755
34 0.991291
34 0.997612
34 0.997902
34 0.996883
34 0.99514
34 0.99756
34 0.995885
34 0.997609
34 0.995904
34 0.996081
34 0.997848
34 0.995133
34 0.998293
34 0.995875
34 0.996281
34 0.998125
34 0.997486
34 0.998471
34 0.99698
34 0.997587
34 0.993664
34 0.996185
obj035
---------------------------------------------------------
35 0.912264
35 0.998205
35 0.991394
35 0.996858
35 0.994504
35 0.992532
35 0.990541
35 0.992833
35 0.994004
35 0.904874
35 0.997715
35 0.997636
35 0.990132
35 0.990172
35 0.993954
35 0.98862
35 0.991576
35 0.995085
35 0.994521
35 0.991998
35 0.981956
35 0.989511
35 0.991188
35 0.987135
obj036
---------------------------------------------------------
36 0.99667
36 0.997248
36 0.99745
36 0.994495
36 0.997788
36 0.998418
36 0.992192
36 0.997378
36 0.996583
36 0.997311
36 0.99771
36 0.992952
36 0.994676
36 0.997917
36 0.996389
36 0.989598
36 0.991867
36 0.99459
36 0.997541
36 0.997505
36 0.991278
36 0.994709
36 0.994207
36 0.995789
obj037
---------------------------------------------------------
37 0.995182
37 0.987486
37 0.972524
37 0.991699
37 0.994269
37 0.983404
37 0.973951
37 0.991283
37 0.96215
37 0.985508
37 0.988359
37 0.95135
37 0.985069
37 0.986384
37 0.966786
37 0.964681
37 0.990791
37 0.990394
37 0.973703
37 0.990717
37 0.968762
37 0.980843
37 0.988486
37 0.991386
obj038
---------------------------------------------------------
38 0.989499
38 0.99128
38 0.98912
38 0.990712
38 0.992379
38 0.99058
38 0.995192
38 0.989715
38 0.982117
38 0.996259
38 0.995685
38 0.991433
38 0.99569
38 0.993031
38 0.994206
38 0.986591
38 0.990086
38 0.990896
38 0.996314
38 0.991832
38 0.993426
38 0.995463
38 0.993449
38 0.98664
obj039
---------------------------------------------------------
39 0.993293
39 0.995431
39 0.991105
39 0.986404
39 0.992359
39 0.993757
39 0.993774
39 0.99038
39 0.993948
39 0.99106
39 0.994195
39 0.982599
39 0.991471
39 0.996434
39 0.987587
39 0.988707
39 0.996528
39 0.995768
39 0.99692
39 0.992523
39 0.996188
39 0.996559
39 0.985465
39 0.993596
obj040
---------------------------------------------------------
40 0.998776
40 0.998437
40 0.998595
40 0.995546
40 0.999341
40 0.997613
40 0.99765
40 0.998357
40 0.997032
40 0.998163
40 0.997474
40 0.997849
40 0.995732
40 0.995017
40 0.997019
40 0.998043
40 0.998529
40 0.996337
40 0.998455
40 0.996093
40 0.997311
40 0.998623
40 0.997795
40 0.997298
obj041
---------------------------------------------------------
41 0.99889
41 0.998175
41 0.999269
41 0.997042
41 0.99933
41 0.996167
41 0.998116
41 0.997985
41 0.99896
41 0.999487
41 0.998502
41 0.999778
41 0.999368
41 0.998955
41 0.999154
41 0.99845
41 0.998702
41 0.999067
41 0.999208
41 0.999003
41 0.99881
41 0.999222
41 0.999395
41 0.998454
obj042
---------------------------------------------------------
42 0.993028
42 0.997577
42 0.995498
42 0.996035
42 0.992042
42 0.997241
42 0.993392
42 0.996032
42 0.982353
42 0.99178
42 0.995827
42 0.997406
42 0.991979
42 0.991983
42 0.996402
42 0.996202
42 0.992808
42 0.98742
42 0.995089
42 0.996425
42 0.993528
42 0.998214
42 0.997089
42 0.983786
obj043
---------------------------------------------------------
43 0.991709
43 0.990416
43 0.98664
43 0.993758
43 0.991449
43 0.994373
43 0.994984
43 0.994623
43 0.993424
43 0.997623
43 0.991198
43 0.995385
43 0.990777
43 0.997185
43 0.994882
43 0.993443
43 0.994196
43 0.991666
43 0.99182
43 0.99483
43 0.993279
43 0.992311
43 0.997897
43 0.994779
obj044
---------------------------------------------------------
44 0.993501
44 0.991923
44 0.993104
44 0.994965
44 0.994521
44 0.996313
44 0.996601
44 0.996646
44 0.995264
44 0.996974
44 0.995019
44 0.992947
44 0.998137
44 0.996622
44 0.995255
44 0.997081
44 0.995809
44 0.991733
44 0.997054
44 0.99823
44 0.993522
44 0.996542
44 0.997385
44 0.997925
obj045
---------------------------------------------------------
45 0.996958
45 0.993533
45 0.987991
45 0.993369
45 0.985952
45 0.988091
45 0.978949
45 0.986808
45 0.996461
45 0.980278
45 0.993548
45 0.97186
45 0.980744
45 0.995271
45 0.956659
45 0.994412
45 0.987221
45 0.97042
45 0.996495
45 0.992309
45 0.990438
45 0.9898
45 0.992844
45 0.984114
obj046
---------------------------------------------------------
46 0.985976
46 0.97435
46 0.991845
46 0.983267
46 0.986701
46 0.983238
46 0.992563
46 0.988884
46 0.980391
46 0.98577
46 0.960531
46 0.98345
46 0.96057
46 0.983251
46 0.977798
46 0.97826
46 0.975754
46 0.990824
46 0.982362
46 0.982654
46 0.968194
46 0.980475
46 0.981643
46 0.980753
obj047
---------------------------------------------------------
47 0.976013
47 0.991242
47 0.992408
47 0.991171
47 0.993914
47 0.991437
47 0.968069
47 0.992555
47 0.996885
47 0.995926
47 0.991473
47 0.991766
47 0.964057
47 0.99275
47 0.991328
47 0.993298
47 0.993809
47 0.995279
47 0.99491
47 0.991704
47 0.982333
47 0.990743
47 0.995999
47 0.987463
obj048
---------------------------------------------------------
48 0.997397
48 0.99523
48 0.993878
48 0.979375
48 0.99475
48 0.99462
48 0.980238
48 0.995346
48 0.973608
48 0.995806
48 0.997284
48 0.990906
48 0.99758
48 0.991891
48 0.997728
48 0.991202
48 0.987464
48 0.99219
48 0.997243
48 0.986322
48 0.979275
48 0.996747
48 0.980986
48 0.994832
obj049
---------------------------------------------------------
49 0.995562
49 0.996662
49 0.995277
49 0.996805
49 0.992219
49 0.993757
49 0.996355
49 0.993601
49 0.996002
49 0.995636
49 0.996445
49 0.996348
49 0.991935
49 0.996948
49 0.994897
49 0.995381
49 0.996995
49 0.993864
49 0.995483
49 0.995637
49 0.994725
49 0.996406
49 0.995828
49 0.996734
obj050
---------------------------------------------------------
50 0.996548
50 0.995379
50 0.996447
50 0.998101
50 0.997609
50 0.995313
50 0.997846
50 0.99578
50 0.995175
50 0.995785
50 0.99805
50 0.996626
50 0.99204
50 0.998757
50 0.994252
50 0.996618
50 0.995914
50 0.996454
50 0.996169
50 0.997367
50 0.99567
50 0.99663
50 0.991357
50 0.995883
obj051
---------------------------------------------------------
51 0.99969
51 0.999573
51 0.999877
51 0.999566
51 0.999726
51 0.999564
51 0.999658
51 0.999612
51 0.999839
51 0.999503
51 0.999148
51 0.995583
51 0.999474
51 0.999507
51 0.999809
51 0.999521
51 0.999734
51 0.999853
51 0.999466
51 0.999779
51 0.999492
51 0.999705
51 0.999489
51 0.999669
obj052
---------------------------------------------------------
52 0.996524
52 0.995359
52 0.998068
52 0.998735
52 0.998817
52 0.9995
52 0.998427
52 0.997037
52 0.99661
52 0.999266
52 0.999182
52 0.997439
52 0.997403
52 0.998144
52 0.999552
52 0.995496
52 0.998903
52 0.996909
52 0.998362
52 0.99914
52 0.99819
52 0.999213
52 0.992222
52 0.998034
obj053
---------------------------------------------------------
53 0.998388
53 0.998686
53 0.998791
53 0.99915
53 0.999031
53 0.998827
53 0.999195
53 0.998599
53 0.99822
53 0.998352
53 0.99831
53 0.998955
53 0.999058
53 0.997864
53 0.999254
53 0.998864
53 0.99908
53 0.99951
53 0.998527
53 0.997625
53 0.999058
53 0.998695
53 0.999418
53 0.999381
obj054
---------------------------------------------------------
54 0.996513
54 0.997008
54 0.997953
54 0.997215
54 0.998403
54 0.997758
54 0.997967
54 0.998842
54 0.997729
54 0.997888
54 0.996984
54 0.998845
54 0.998587
54 0.99795
54 0.998306
54 0.997947
54 0.99883
54 0.99653
54 0.998289
54 0.998286
54 0.997582
54 0.998681
54 0.997277
54 0.998015
obj055
---------------------------------------------------------
55 0.999683
55 0.999784
55 0.999549
55 0.99987
55 0.999422
55 0.999802
55 0.999555
55 0.999933
55 0.999851
55 0.999917
55 0.999708
55 0.999847
55 0.99995
55 0.999888
55 0.999896
55 0.999595
55 0.999809
55 0.999858
55 0.9993
55 0.999543
55 0.999885
55 0.999727
55 0.99955
55 0.999853
obj056
---------------------------------------------------------
56 0.999891
56 0.999898
56 0.99963
56 0.999836
56 0.999953
56 0.999541
56 0.999891
56 0.99991
56 0.970605
56 0.999501
56 0.999864
56 0.999898
56 0.999887
56 0.999753
56 0.999949
56 0.999588
56 0.99988
56 0.999954
56 0.999795
56 0.999893
56 0.999887
56 0.99989
56 0.999863
56 0.999907
obj057
---------------------------------------------------------
57 0.999793
57 0.999932
57 0.999527
57 0.999407
57 0.999681
57 0.999713
57 0.999719
57 0.999834
57 0.999277
57 0.999293
57 0.999797
57 0.999811
57 0.99964
57 0.999743
57 0.999532
57 0.999906
57 0.999871
57 0.99984
57 0.9999
57 0.999382
57 0.999783
57 0.999735
57 0.999846
57 0.999623
obj058
---------------------------------------------------------
58 0.999939
58 0.999699
58 0.999919
58 0.999958
58 0.999779
58 0.999944
58 0.999863
58 0.999969
58 0.999959
58 0.99998
58 0.999948
58 0.999951
58 0.999933
58 0.999924
58 0.999954
58 0.999969
58 0.999836
58 0.999756
58 0.999959
58 0.999978
58 0.999792
58 0.999791
58 0.999935
58 0.999967
obj059
---------------------------------------------------------
59 0.998842
59 0.998695
59 0.998984
59 0.998943
59 0.998997
59 0.998242
59 0.999052
59 0.998618
59 0.998772
59 0.997688
59 0.997401
59 0.998305
59 0.998876
59 0.997927
59 0.998372
59 0.999223
59 0.998234
59 0.998099
59 0.999056
59 0.998271
59 0.99449
59 0.999343
59 0.998372
59 0.998008
obj060
---------------------------------------------------------
60 0.999395
60 0.997802
60 0.999036
60 0.998473
60 0.999368
60 0.999375
60 0.99845
60 0.998105
60 0.999352
60 0.999052
60 0.999345
60 0.99949
60 0.997153
60 0.996484
60 0.998755
60 0.999464
60 0.998924
60 0.999343
60 0.994514
60 0.998939
60 0.998106
60 0.998941
60 0.999221
60 0.999298
obj061
---------------------------------------------------------
61 0.988676
61 0.990717
61 0.992396
61 0.994028
61 0.96758
61 0.983048
61 0.988802
61 0.992563
61 0.982955
61 0.990138
61 0.979631
61 0.938524
61 0.994218
61 0.970859
61 0.989207
61 0.967636
61 0.980668
61 0.988997
61 0.99009
61 0.969153
61 0.972095
61 0.987774
61 0.982551
61 0.991859
obj062
---------------------------------------------------------
62 0.99775
62 0.992366
62 0.996776
62 0.997046
62 0.997726
62 0.999012
62 0.991739
62 0.991897
62 0.99795
62 0.99714
62 0.991443
62 0.99654
62 0.997168
62 0.99896
62 0.999083
62 0.994021
62 0.997636
62 0.993786
62 0.99698
62 0.993112
62 0.997975
62 0.997856
62 0.997008
62 0.997528
----------------------------------------------------------
GRSD-colorCHLAC - rotation variant - (1001)
----------------------------------------------------------
obj000
---------------------------------------------------------
0 0.99858
0 0.999315
0 0.997978
0 0.998421
0 0.998283
0 0.996794
0 0.995569
0 0.998761
0 0.998637
0 0.99894
0 0.998386
0 0.998613
0 0.995186
0 0.999084
0 0.999184
0 0.998392
0 0.999072
0 0.996847
0 0.999282
0 0.999383
0 0.999252
0 0.998306
0 0.997592
0 0.997688
obj001
---------------------------------------------------------
1 0.993543
1 0.993183
1 0.964883
1 0.984486
1 0.992964
1 0.987338
1 0.992368
1 0.976156
1 0.980669
1 0.983248
1 0.973745
1 0.959094
1 0.990797
1 0.960223
1 0.991288
1 0.972291
1 0.994315
1 0.981472
1 0.807627
1 0.984249
1 0.93309
1 0.992923
1 0.971561
1 0.994312
obj002
---------------------------------------------------------
2 0.999567
2 0.996368
2 0.999152
2 0.999762
2 0.997879
2 0.999814
2 0.999342
2 0.999916
2 0.999735
2 0.999282
2 0.999476
2 0.999602
2 0.999862
2 0.997927
2 0.999396
2 0.996771
2 0.999407
2 0.998954
2 0.999602
2 0.997609
2 0.999364
2 0.999653
2 0.999703
2 0.999159
obj003
---------------------------------------------------------
3 0.997753
3 0.9972
3 0.997448
3 0.998296
3 0.997935
3 0.997849
3 0.997318
3 0.997828
3 0.998076
3 0.998483
3 0.997982
3 0.997973
3 0.997365
3 0.99767
3 0.996248
3 0.998174
3 0.99484
3 0.993542
3 0.996204
3 0.994835
3 0.997891
3 0.999104
3 0.996789
3 0.995259
obj004
---------------------------------------------------------
4 0.998106
4 0.994197
4 0.994398
4 0.995761
4 0.997324
4 0.998358
4 0.995906
4 0.995682
4 0.997742
4 0.997228
4 0.997698
4 0.996652
4 0.994029
4 0.998834
4 0.997259
4 0.998794
4 0.998343
4 0.993953
4 0.997257
4 0.996353
4 0.99588
4 0.9952
4 0.996952
4 0.998358
obj005
---------------------------------------------------------
5 0.998453
5 0.999394
5 0.999122
5 0.998593
5 0.9971
5 0.999295
5 0.998719
5 0.99831
5 0.998316
5 0.998014
5 0.998888
5 0.997962
5 0.999371
5 0.998291
5 0.998253
5 0.998958
5 0.999314
5 0.998635
5 0.999377
5 0.998993
5 0.995466
5 0.998635
5 0.998033
5 0.997877
obj006
---------------------------------------------------------
6 0.997739
6 0.99799
6 0.996977
6 0.989771
6 0.993703
6 0.993557
6 0.993373
6 0.992849
6 0.998632
6 0.99079
6 0.99484
6 0.994594
6 0.996179
6 0.995291
6 0.987487
6 0.99757
6 0.993815
6 0.998915
6 0.98866
6 0.996035
6 0.996882
6 0.995912
6 0.995581
6 0.99791
obj007
---------------------------------------------------------
7 0.999128
7 0.999143
7 0.999151
7 0.998053
7 0.993898
7 0.995772
7 0.99593
7 0.998511
7 0.999096
7 0.998872
7 0.998895
7 0.999203
7 0.998746
7 0.949732
7 0.997804
7 0.998365
7 0.999056
7 0.996545
7 0.996789
7 0.99805
7 0.998299
7 0.994071
7 0.999493
7 0.997375
obj008
---------------------------------------------------------
8 0.996436
8 0.982269
8 0.994575
8 0.993512
8 0.994864
8 0.991432
8 0.993971
8 0.995295
8 0.996078
8 0.996636
8 0.994309
8 0.996917
8 0.996039
8 0.987763
8 0.996731
8 0.996802
8 0.993097
8 0.995567
8 0.996375
8 0.992239
8 0.99476
8 0.995806
8 0.997317
8 0.99777
obj009
---------------------------------------------------------
9 0.998857
9 0.998016
9 0.998794
9 0.99848
9 0.998752
9 0.998378
9 0.997458
9 0.99874
9 0.999305
9 0.999194
9 0.99868
9 0.998401
9 0.998399
9 0.998945
9 0.999121
9 0.996478
9 0.99645
9 0.998813
9 0.997906
9 0.999063
9 0.994259
9 0.998322
9 0.99834
9 0.998571
obj010
---------------------------------------------------------
10 0.998171
10 0.995702
10 0.997177
10 0.995178
10 0.99705
10 0.996826
10 0.993578
10 0.994932
10 0.991536
10 0.99503
10 0.996048
10 0.993506
10 0.994854
10 0.998006
10 0.996666
10 0.993561
10 0.996431
10 0.996573
10 0.993901
10 0.994432
10 0.996258
10 0.996581
10 0.992202
10 0.996387
obj011
---------------------------------------------------------
11 0.998295
11 0.997156
11 0.998249
11 0.999542
11 0.995749
11 0.994263
11 0.99871
11 0.998767
11 0.998757
11 0.99885
11 0.999094
11 0.997881
11 0.999317
11 0.999319
11 0.999073
11 0.998883
11 0.998621
11 0.99816
11 0.996145
11 0.999128
11 0.997208
11 0.987567
11 0.998999
11 0.996867
obj012
---------------------------------------------------------
12 0.992869
12 0.997015
12 0.999014
12 0.998016
12 0.999546
12 0.996668
12 0.998542
12 0.997918
12 0.999359
12 0.99915
12 0.998804
12 0.995939
12 0.995224
12 0.996578
12 0.998265
12 0.988474
12 0.995972
12 0.99894
12 0.994199
12 0.998181
12 0.994528
12 0.999109
12 0.997899
12 0.994856
obj013
---------------------------------------------------------
13 0.994523
13 0.994964
13 0.994789
13 0.996972
13 0.997932
13 0.99493
13 0.997571
13 0.993866
13 0.980222
13 0.999121
13 0.995614
13 0.997447
13 0.994843
13 0.99059
13 0.997562
13 0.997084
13 0.994592
13 0.995364
13 0.994345
13 0.996624
13 0.997835
13 0.995669
13 0.999491
13 0.994867
obj014
---------------------------------------------------------
14 0.996647
14 0.997088
14 0.996798
14 0.997166
14 0.997369
14 0.998262
14 0.996585
14 0.998448
14 0.996153
14 0.99869
14 0.998811
14 0.998926
14 0.998023
14 0.998676
14 0.997674
14 0.997907
14 0.997844
14 0.998067
14 0.99739
14 0.997113
14 0.998764
14 0.999041
14 0.997141
14 0.99674
obj015
---------------------------------------------------------
15 0.998842
15 0.999008
15 0.999036
15 0.9969
15 0.996876
15 0.999565
15 0.999804
15 0.999575
15 0.999483
15 0.998554
15 0.999086
15 0.999315
15 0.996497
15 0.998967
15 0.992262
15 0.997331
15 0.998226
15 0.999325
15 0.999202
15 0.999599
15 0.998036
15 0.999227
15 0.999611
15 0.999304
obj016
---------------------------------------------------------
16 0.995345
16 0.991841
16 0.995332
16 0.996807
16 0.995284
16 0.992506
16 0.998733
16 0.996702
16 0.997183
16 0.996694
16 0.998644
16 0.995341
16 0.998291
16 0.996417
16 0.995276
16 0.998557
16 0.996461
16 0.994166
16 0.993618
16 0.997177
16 0.995821
16 0.995467
16 0.998285
16 0.991478
obj017
---------------------------------------------------------
17 0.998556
17 0.997935
17 0.996425
17 0.994803
17 0.996407
17 0.9974
17 0.999233
17 0.987929
17 0.996614
17 0.998414
17 0.991597
17 0.994251
17 0.997524
17 0.993418
17 0.994679
17 0.991405
17 0.997224
17 0.995922
17 0.996822
17 0.996146
17 0.996929
17 0.995398
17 0.995384
17 0.996107
obj018
---------------------------------------------------------
18 0.994715
18 0.99269
18 0.994586
18 0.994175
18 0.9969
18 0.997723
18 0.991994
18 0.997299
18 0.9942
18 0.996456
18 0.998773
18 0.995288
18 0.997958
18 0.992764
18 0.995356
18 0.993595
18 0.993517
18 0.994321
18 0.993036
18 0.999093
18 0.996995
18 0.994197
18 0.992295
18 0.996934
obj019
---------------------------------------------------------
19 0.995747
19 0.996881
19 0.99135
19 0.990964
19 0.996947
19 0.993927
19 0.996387
19 0.996316
19 0.995462
19 0.995322
19 0.998125
19 0.990182
19 0.989442
19 0.991284
19 0.995327
19 0.995167
19 0.995323
19 0.995825
19 0.994233
19 0.997791
19 0.996647
19 0.994311
19 0.993119
19 0.994743
obj020
---------------------------------------------------------
20 0.994825
20 0.993601
20 0.996367
20 0.994733
20 0.990428
20 0.995235
20 0.996023
20 0.996539
20 0.995335
20 0.995769
20 0.997002
20 0.996963
20 0.997337
20 0.997198
20 0.998991
20 0.995552
20 0.991833
20 0.996591
20 0.996275
20 0.9985
20 0.996881
20 0.995931
20 0.996975
20 0.992941
obj021
---------------------------------------------------------
21 0.992106
21 0.986298
21 0.986114
21 0.989428
21 0.991458
21 0.995852
21 0.991665
21 0.990362
21 0.984528
21 0.995476
21 0.995768
21 0.98507
21 0.997503
21 0.989243
21 0.987196
21 0.993467
21 0.992678
21 0.997668
21 0.995416
21 0.992251
21 0.994889
21 0.996182
21 0.982578
21 0.993719
obj022
---------------------------------------------------------
22 0.990332
22 0.99614
22 0.985795
22 0.995224
22 0.99272
22 0.982251
22 0.995016
22 0.996449
22 0.998091
22 0.991488
22 0.993088
22 0.996299
22 0.995737
22 0.996951
22 0.981815
22 0.996229
22 0.993018
22 0.984341
22 0.993002
22 0.993184
22 0.995988
22 0.989794
22 0.993873
22 0.992842
obj023
---------------------------------------------------------
23 0.997587
23 0.988768
23 0.991376
23 0.984148
23 0.994802
23 0.99033
23 0.995055
23 0.991831
23 0.994578
23 0.990956
23 0.985273
23 0.994949
23 0.992775
23 0.996259
23 0.994117
23 0.995148
23 0.987483
23 0.973859
23 0.993064
23 0.995453
23 0.99033
23 0.990012
23 0.980088
23 0.992722
obj024
---------------------------------------------------------
24 0.994936
24 0.998709
24 0.995734
24 0.991906
24 0.997104
24 0.995626
24 0.995211
24 0.997163
24 0.998404
24 0.997164
24 0.999126
24 0.998121
24 0.993016
24 0.996165
24 0.996657
24 0.99759
24 0.997095
24 0.991953
24 0.998546
24 0.996524
24 0.997443
24 0.998795
24 0.944151
24 0.997221
obj025
---------------------------------------------------------
25 0.987582
25 0.985174
25 0.990544
25 0.984294
25 0.94984
25 0.991142
25 0.980069
25 0.989579
25 0.987903
25 0.994302
25 0.99286
25 0.991047
25 0.985701
25 0.974819
25 0.994394
25 0.992092
25 0.994558
25 0.98815
25 0.978921
25 0.992258
25 0.992726
25 0.987496
25 0.994154
25 0.996201
obj026
---------------------------------------------------------
26 0.998227
26 0.998316
26 0.997819
26 0.998383
26 0.999295
26 0.998672
26 0.998751
26 0.998785
26 0.999099
26 0.998733
26 0.999151
26 0.998411
26 0.99934
26 0.999107
26 0.997283
26 0.998793
26 0.999579
26 0.997042
26 0.998541
26 0.998262
26 0.999104
26 0.998003
26 0.998595
26 0.998734
obj027
---------------------------------------------------------
27 0.993158
27 0.989335
27 0.987643
27 0.984928
27 0.992986
27 0.996305
27 0.995995
27 0.993989
27 0.987176
27 0.994157
27 0.994617
27 0.994034
27 0.996678
27 0.997524
27 0.989837
27 0.993692
27 0.997337
27 0.99701
27 0.996566
27 0.994969
27 0.989577
27 0.996337
27 0.986292
27 0.995734
obj028
---------------------------------------------------------
28 0.996422
28 0.998031
28 0.992419
28 0.993416
28 0.991776
28 0.9952
28 0.997814
28 0.996695
28 0.997348
28 0.996981
28 0.99745
28 0.994781
28 0.996841
28 0.99322
28 0.998041
28 0.997186
28 0.997933
28 0.996855
28 0.994058
28 0.996683
28 0.99765
28 0.996716
28 0.996753
28 0.997851
obj029
---------------------------------------------------------
29 0.996178
29 0.996784
29 0.99773
29 0.995053
29 0.977843
29 0.988657
29 0.991929
29 0.99537
29 0.995658
29 0.990366
29 0.991884
29 0.985136
29 0.981416
29 0.995289
29 0.993438
29 0.992131
29 0.99307
29 0.994553
29 0.99062
29 0.997315
29 0.992426
29 0.994279
29 0.993943
29 0.989266
obj030
---------------------------------------------------------
30 0.997977
30 0.99911
30 0.997297
30 0.997472
30 0.998965
30 0.997
30 0.996137
30 0.999055
30 0.99912
30 0.9988
30 0.998922
30 0.995935
30 0.997445
30 0.997588
30 0.998295
30 0.999006
30 0.998164
30 0.999523
30 0.997271
30 0.998919
30 0.998742
30 0.998442
30 0.998845
30 0.998362
obj031
---------------------------------------------------------
31 0.997461
31 0.99824
31 0.995217
31 0.995357
31 0.994673
31 0.996789
31 0.996887
31 0.99588
31 0.99541
31 0.997546
31 0.996508
31 0.997609
31 0.993242
31 0.995976
31 0.99611
31 0.99628
31 0.994876
31 0.996646
31 0.991701
31 0.993277
31 0.997539
31 0.995937
31 0.995158
31 0.994917
obj032
---------------------------------------------------------
32 0.997016
32 0.970471
32 0.983977
32 0.991392
32 0.99268
32 0.981441
32 0.962727
32 0.965212
32 0.996785
32 0.988653
32 0.994302
32 0.996332
32 0.986841
32 0.985111
32 0.975534
32 0.9817
32 0.98893
32 0.948054
32 0.980508
32 0.995554
32 0.960195
32 0.981032
32 0.979047
32 0.993538
obj033
---------------------------------------------------------
33 0.998015
33 0.993975
33 0.996572
33 0.997541
33 0.995663
33 0.998281
33 0.995635
33 0.998249
33 0.994933
33 0.998623
33 0.996745
33 0.986027
33 0.997486
33 0.99887
33 0.997552
33 0.998449
33 0.993164
33 0.996591
33 0.998605
33 0.997111
33 0.996074
33 0.994895
33 0.998757
33 0.996617
obj034
---------------------------------------------------------
34 0.996368
34 0.998248
34 0.971067
34 0.996845
34 0.998069
34 0.987842
34 0.991111
34 0.998136
34 0.988424
34 0.997318
34 0.980656
34 0.996144
34 0.996398
34 0.992245
34 0.998685
34 0.99501
34 0.993866
34 0.997031
34 0.995901
34 0.996434
34 0.997342
34 0.996294
34 0.995442
34 0.997068
obj035
---------------------------------------------------------
35 0.93539
35 0.997546
35 0.992071
35 0.999191
35 0.997857
35 0.996686
35 0.993956
35 0.996778
35 0.996967
35 0.923836
35 0.997024
35 0.996804
35 0.985291
35 0.986506
35 0.997904
35 0.989183
35 0.993487
35 0.998702
35 0.986301
35 0.992871
35 0.994057
35 0.968707
35 0.978733
35 0.988367
obj036
---------------------------------------------------------
36 0.994199
36 0.996976
36 0.990924
36 0.997162
36 0.993348
36 0.989381
36 0.997176
36 0.998869
36 0.993365
36 0.99567
36 0.995626
36 0.996106
36 0.994931
36 0.99646
36 0.991639
36 0.988283
36 0.997247
36 0.996597
36 0.991388
36 0.993008
36 0.992358
36 0.996448
36 0.995944
36 0.99809
obj037
---------------------------------------------------------
37 0.990707
37 0.990523
37 0.984029
37 0.995324
37 0.99114
37 0.990624
37 0.992011
37 0.994603
37 0.97504
37 0.995142
37 0.995982
37 0.976332
37 0.995718
37 0.996182
37 0.985955
37 0.987218
37 0.992418
37 0.997784
37 0.980363
37 0.985743
37 0.984524
37 0.988642
37 0.990873
37 0.998204
obj038
---------------------------------------------------------
38 0.995367
38 0.995326
38 0.990932
38 0.989061
38 0.99557
38 0.995439
38 0.997182
38 0.986901
38 0.981164
38 0.989425
38 0.997198
38 0.99536
38 0.995662
38 0.993618
38 0.989134
38 0.980697
38 0.989537
38 0.990265
38 0.997345
38 0.995378
38 0.991387
38 0.995833
38 0.997678
38 0.99266
obj039
---------------------------------------------------------
39 0.992153
39 0.987681
39 0.994773
39 0.98865
39 0.980466
39 0.9967
39 0.996122
39 0.995416
39 0.995911
39 0.98966
39 0.991581
39 0.988936
39 0.978763
39 0.99691
39 0.989784
39 0.991998
39 0.99542
39 0.996943
39 0.995482
39 0.99806
39 0.994887
39 0.996647
39 0.988477
39 0.99386
obj040
---------------------------------------------------------
40 0.998552
40 0.994894
40 0.996153
40 0.996427
40 0.997851
40 0.998101
40 0.995833
40 0.995643
40 0.996215
40 0.994604
40 0.995703
40 0.994355
40 0.997137
40 0.99172
40 0.991887
40 0.99826
40 0.997023
40 0.996246
40 0.994115
40 0.995703
40 0.997621
40 0.996839
40 0.996547
40 0.995564
obj041
---------------------------------------------------------
41 0.999476
41 0.997372
41 0.997661
41 0.991011
41 0.998486
41 0.990632
41 0.993523
41 0.994554
41 0.996252
41 0.997518
41 0.995387
41 0.999122
41 0.997081
41 0.998117
41 0.998692
41 0.991375
41 0.997424
41 0.999114
41 0.997224
41 0.998568
41 0.99901
41 0.995315
41 0.999313
41 0.997007
obj042
---------------------------------------------------------
42 0.949168
42 0.997526
42 0.996696
42 0.994647
42 0.993637
42 0.996458
42 0.988266
42 0.995952
42 0.888411
42 0.972565
42 0.994433
42 0.995877
42 0.975467
42 0.975594
42 0.996183
42 0.988055
42 0.991707
42 0.989033
42 0.994498
42 0.996495
42 0.995947
42 0.996431
42 0.996694
42 0.952504
obj043
---------------------------------------------------------
43 0.990123
43 0.992258
43 0.988429
43 0.987641
43 0.988604
43 0.989873
43 0.99013
43 0.99084
43 0.991283
43 0.996342
43 0.992727
43 0.990085
43 0.99033
43 0.989092
43 0.991163
43 0.99235
43 0.996095
43 0.994907
43 0.992306
43 0.99446
43 0.98249
43 0.989653
43 0.994735
43 0.995419
obj044
---------------------------------------------------------
44 0.991675
44 0.989434
44 0.977361
44 0.982825
44 0.979353
44 0.995027
44 0.994187
44 0.991736
44 0.997428
44 0.992016
44 0.983498
44 0.994914
44 0.997357
44 0.991424
44 0.991645
44 0.997742
44 0.995247
44 0.993724
44 0.99573
44 0.998729
44 0.994133
44 0.995839
44 0.996497
44 0.995791
obj045
---------------------------------------------------------
45 0.991136
45 0.972372
45 0.974757
45 0.989343
45 0.983446
45 0.962151
45 0.979213
45 0.981837
45 0.955107
45 0.935669
45 0.981696
45 0.93743
45 0.985574
45 0.989179
45 0.966361
45 0.990269
45 0.99264
45 0.939933
45 0.995656
45 0.976366
45 0.986694
45 0.980222
45 0.978967
45 0.989883
obj046
---------------------------------------------------------
46 0.972625
46 0.978864
46 0.972263
46 0.989091
46 0.984832
46 0.992903
46 0.991019
46 0.971737
46 0.967429
46 0.98129
46 0.982599
46 0.984286
46 0.982347
46 0.96306
46 0.936152
46 0.987644
46 0.943238
46 0.9684
46 0.989154
46 0.976318
46 0.948948
46 0.947265
46 0.978153
46 0.977494
obj047
---------------------------------------------------------
47 0.992609
47 0.986648
47 0.990314
47 0.980032
47 0.993351
47 0.982268
47 0.988057
47 0.984102
47 0.994073
47 0.997476
47 0.975253
47 0.995583
47 0.965372
47 0.98567
47 0.993322
47 0.995409
47 0.993553
47 0.989196
47 0.979745
47 0.981415
47 0.989825
47 0.980521
47 0.997176
47 0.976602
obj048
---------------------------------------------------------
48 0.996173
48 0.997676
48 0.980272
48 0.944216
48 0.992056
48 0.997704
48 0.988281
48 0.99801
48 0.972922
48 0.997194
48 0.993473
48 0.990031
48 0.998308
48 0.987959
48 0.994872
48 0.992865
48 0.986812
48 0.973796
48 0.990518
48 0.981047
48 0.965156
48 0.995871
48 0.978802
48 0.981955
obj049
---------------------------------------------------------
49 0.995978
49 0.997656
49 0.998308
49 0.997294
49 0.99233
49 0.995783
49 0.997041
49 0.994853
49 0.996229
49 0.995583
49 0.998041
49 0.995699
49 0.995573
49 0.998932
49 0.997869
49 0.996132
49 0.997857
49 0.990658
49 0.997436
49 0.995624
49 0.994156
49 0.995745
49 0.996228
49 0.997989
obj050
---------------------------------------------------------
50 0.998029
50 0.998089
50 0.998147
50 0.998565
50 0.998543
50 0.997281
50 0.998728
50 0.996558
50 0.998327
50 0.997689
50 0.998426
50 0.998196
50 0.996247
50 0.998297
50 0.996445
50 0.99819
50 0.998562
50 0.998259
50 0.997245
50 0.997985
50 0.998461
50 0.997915
50 0.996311
50 0.998324
obj051
---------------------------------------------------------
51 0.999441
51 0.999532
51 0.998766
51 0.999665
51 0.999398
51 0.9983
51 0.998733
51 0.999065
51 0.999434
51 0.998826
51 0.998262
51 0.997147
51 0.998761
51 0.997087
51 0.999555
51 0.997206
51 0.999521
51 0.999163
51 0.999051
51 0.999353
51 0.998882
51 0.999495
51 0.999662
51 0.995387
obj052
---------------------------------------------------------
52 0.996097
52 0.994327
52 0.996328
52 0.995132
52 0.991056
52 0.99746
52 0.997557
52 0.997017
52 0.996646
52 0.995556
52 0.998808
52 0.995999
52 0.994853
52 0.997225
52 0.997893
52 0.970694
52 0.995294
52 0.994999
52 0.99626
52 0.998553
52 0.99854
52 0.9975
52 0.990699
52 0.990285
obj053
---------------------------------------------------------
53 0.99118
53 0.997804
53 0.996638
53 0.995124
53 0.998364
53 0.996872
53 0.998357
53 0.995767
53 0.997024
53 0.997554
53 0.992705
53 0.997884
53 0.997724
53 0.997609
53 0.995136
53 0.997305
53 0.997395
53 0.99655
53 0.997243
53 0.996389
53 0.997322
53 0.9965
53 0.998266
53 0.994745
obj054
---------------------------------------------------------
54 0.99646
54 0.99853
54 0.999155
54 0.997632
54 0.998727
54 0.999114
54 0.998457
54 0.999439
54 0.998003
54 0.999202
54 0.997049
54 0.999481
54 0.999283
54 0.999293
54 0.998901
54 0.999006
54 0.999524
54 0.997881
54 0.999247
54 0.998936
54 0.999014
54 0.998633
54 0.998356
54 0.999271
obj055
---------------------------------------------------------
55 0.999875
55 0.999904
55 0.999845
55 0.999977
55 0.99973
55 0.999906
55 0.999859
55 0.999962
55 0.99991
55 0.999936
55 0.999885
55 0.999942
55 0.999869
55 0.999965
55 0.999959
55 0.999789
55 0.99993
55 0.999939
55 0.999805
55 0.99985
55 0.999964
55 0.99987
55 0.999844
55 0.999936
obj056
---------------------------------------------------------
56 0.999917
56 0.999823
56 0.999771
56 0.999897
56 0.999873
56 0.999789
56 0.999914
56 0.999873
56 0.991695
56 0.999672
56 0.999872
56 0.999914
56 0.999758
56 0.999866
56 0.999912
56 0.999723
56 0.999848
56 0.999945
56 0.999761
56 0.999854
56 0.999852
56 0.999902
56 0.999741
56 0.99995
obj057
---------------------------------------------------------
57 0.999933
57 0.999889
57 0.999846
57 0.999542
57 0.999832
57 0.999902
57 0.999884
57 0.999857
57 0.999695
57 0.999655
57 0.999786
57 0.999792
57 0.999847
57 0.99989
57 0.999806
57 0.999874
57 0.999885
57 0.999942
57 0.999899
57 0.999775
57 0.999927
57 0.999736
57 0.999867
57 0.9999
obj058
---------------------------------------------------------
58 0.999957
58 0.999906
58 0.999929
58 0.999977
58 0.999918
58 0.999969
58 0.999954
58 0.999988
58 0.999978
58 0.99999
58 0.999979
58 0.999979
58 0.999971
58 0.999949
58 0.99998
58 0.99998
58 0.999952
58 0.999924
58 0.999969
58 0.999971
58 0.999925
58 0.999939
58 0.999968
58 0.999982
obj059
---------------------------------------------------------
59 0.999034
59 0.999018
59 0.998888
59 0.998844
59 0.998864
59 0.998861
59 0.999322
59 0.997875
59 0.997846
59 0.998084
59 0.998222
59 0.998413
59 0.998438
59 0.998115
59 0.99752
59 0.999062
59 0.998166
59 0.998527
59 0.998872
59 0.9979
59 0.995104
59 0.999221
59 0.998495
59 0.998241
obj060
---------------------------------------------------------
60 0.998321
60 0.997972
60 0.998317
60 0.995626
60 0.998788
60 0.998484
60 0.997139
60 0.995876
60 0.998262
60 0.9955
60 0.99808
60 0.999144
60 0.998064
60 0.996455
60 0.998208
60 0.996541
60 0.998906
60 0.99886
60 0.995963
60 0.996561
60 0.986612
60 0.998509
60 0.999219
60 0.998653
obj061
---------------------------------------------------------
61 0.9918
61 0.993027
61 0.979537
61 0.994233
61 0.98041
61 0.989839
61 0.993184
61 0.996262
61 0.994821
61 0.986813
61 0.988233
61 0.95288
61 0.996238
61 0.988136
61 0.976641
61 0.918666
61 0.990134
61 0.993038
61 0.988917
61 0.988451
61 0.941993
61 0.992523
61 0.982455
61 0.9929
obj062
---------------------------------------------------------
62 0.998163
62 0.995114
62 0.995316
62 0.996495
62 0.997226
62 0.997964
62 0.993915
62 0.991967
62 0.995547
62 0.991756
62 0.990995
62 0.997043
62 0.995953
62 0.998763
62 0.998715
62 0.994918
62 0.996443
62 0.99541
62 0.994788
62 0.993594
62 0.998761
62 0.995452
62 0.997251
62 0.998198
----------------------------------------------------------
GRSD (20)
----------------------------------------------------------
obj000
---------------------------------------------------------
0 0.999468
0 0.999658
0 0.999271
0 0.999481
0 0.999627
0 0.999044
0 0.998277
0 0.999612
0 0.99958
0 0.999528
0 0.999485
0 0.999528
0 0.998475
0 0.99939
0 0.999026
0 0.999637
0 0.998653
0 0.998775
0 0.99943
0 0.999755
0 0.999476
0 0.999467
0 0.998984
0 0.99867
obj001
---------------------------------------------------------
1 0.999323
1 0.999038
1 0.999618
1 0.99938
1 0.998437
1 0.99961
1 0.999534
1 0.999415
1 0.999683
1 0.999776
1 0.998319
1 0.984567
1 0.998132
1 0.999453
1 0.998775
1 0.999836
1 0.999429
1 0.999647
57 0.999981
1 0.999017
1 0.997088
1 0.999126
1 0.999029
1 0.998057
obj002
---------------------------------------------------------
2 0.999633
2 0.999394
2 0.999105
2 0.999683
2 0.999557
2 0.999807
2 0.999645
2 0.999705
2 0.999264
2 0.999705
2 0.999913
2 0.999702
2 0.999809
2 0.999463
2 0.999571
2 0.999061
2 0.99971
2 0.999534
2 0.999879
2 0.999337
2 0.99964
2 0.999736
2 0.99963
2 0.999644
obj003
---------------------------------------------------------
3 0.99953
3 0.999296
3 0.998748
3 0.998993
3 0.999133
3 0.999478
3 0.999451
3 0.998876
3 0.999269
3 0.999334
3 0.999729
3 0.998763
3 0.999526
3 0.99932
3 0.997831
3 0.999759
3 0.995984
3 0.999728
3 0.997592
3 0.999478
3 0.999412
3 0.999783
3 0.998896
3 0.999577
obj004
---------------------------------------------------------
4 0.999032
4 0.997566
4 0.999037
4 0.997388
4 0.999468
4 0.999825
4 0.999306
4 0.995935
4 0.99877
4 0.998876
4 0.999507
4 0.998124
4 0.998703
4 0.999669
4 0.999703
4 0.999636
4 0.998391
4 0.997269
4 0.999262
4 0.999163
4 0.994684
4 0.998125
4 0.998169
4 0.999564
obj005
---------------------------------------------------------
5 0.998859
5 0.999856
5 0.999021
5 0.998524
5 0.999632
5 0.999835
5 0.999906
5 0.99966
5 0.997754
5 0.999113
5 0.999637
5 0.998212
5 0.999548
5 0.997958
5 0.999176
5 0.999462
5 0.999488
5 0.999719
5 0.999867
5 0.999537
5 0.998612
5 0.999509
5 0.99971
5 0.99921
obj006
---------------------------------------------------------
6 0.998446
6 0.998998
6 0.999296
6 0.998067
6 0.999206
6 0.991083
6 0.999632
6 0.995812
6 0.999361
6 0.998488
6 0.99924
6 0.997156
6 0.999319
6 0.998594
6 0.998835
6 0.998387
6 0.998038
6 0.999672
6 0.996272
6 0.998326
6 0.999143
6 0.999446
6 0.999314
6 0.999719
obj007
---------------------------------------------------------
7 0.998969
7 0.99885
7 0.99936
7 0.998739
7 0.995008
7 0.991911
7 0.99681
7 0.999122
7 0.999842
7 0.999861
7 0.999743
7 0.998449
7 0.999916
57 0.999222
7 0.99704
7 0.997957
7 0.998827
7 0.998861
7 0.998295
7 0.999065
7 0.998897
7 0.996649
7 0.999634
7 0.999742
obj008
---------------------------------------------------------
8 0.997451
8 0.995157
8 0.996643
8 0.997585
8 0.997679
8 0.9978
8 0.99746
8 0.996848
8 0.99844
8 0.997968
8 0.997009
8 0.999093
8 0.997072
8 0.999559
8 0.999306
8 0.998177
8 0.997428
8 0.998661
8 0.998627
8 0.996813
8 0.99819
8 0.999322
8 0.999107
8 0.997077
obj009
---------------------------------------------------------
9 0.999706
9 0.999659
9 0.999268
9 0.99982
9 0.999717
9 0.999607
9 0.999688
9 0.999684
9 0.999722
9 0.999663
9 0.99952
9 0.999522
9 0.999425
9 0.999688
9 0.999809
9 0.999292
9 0.998503
9 0.999781
9 0.999897
9 0.999849
9 0.997492
9 0.999513
9 0.999907
9 0.99946
obj010
---------------------------------------------------------
10 0.999002
10 0.999313
10 0.99867
10 0.9997
10 0.999102
10 0.999486
10 0.998618
10 0.997354
10 0.998402
10 0.997828
10 0.998579
10 0.998336
10 0.997365
10 0.998888
10 0.999614
10 0.999071
10 0.998886
10 0.998902
10 0.998093
10 0.999086
10 0.99963
10 0.997618
10 0.994624
10 0.998999
obj011
---------------------------------------------------------
55 0.999808
11 0.999568
11 0.999699
11 0.999842
11 0.996957
11 0.997635
11 0.999752
11 0.999912
11 0.999681
11 0.999928
11 0.99978
11 0.999444
11 0.999669
11 0.999519
11 0.999593
11 0.999473
11 0.99849
11 0.999871
56 0.998655
11 0.999277
11 0.999729
11 0.998008
11 0.999645
11 0.9992
obj012
---------------------------------------------------------
12 0.999349
12 0.997592
12 0.999188
12 0.999696
12 0.999522
12 0.999398
12 0.999586
12 0.999783
12 0.99948
12 0.999672
12 0.99937
12 0.999466
12 0.999028
12 0.999637
12 0.998954
12 0.998449
12 0.998901
12 0.999465
12 0.999695
12 0.999457
12 0.998275
12 0.999709
12 0.999468
12 0.999268
obj013
---------------------------------------------------------
13 0.997333
13 0.999268
13 0.999522
13 0.99957
13 0.999647
13 0.999891
13 0.999945
13 0.999812
13 0.998364
13 0.999166
13 0.999556
13 0.999863
13 0.999931
13 0.999676
13 0.999928
13 0.999873
13 0.999679
13 0.999611
13 0.999664
13 0.999791
13 0.999638
13 0.999559
13 0.999876
13 0.999655
obj014
---------------------------------------------------------
14 0.998399
14 0.999116
14 0.998442
14 0.998523
14 0.999131
14 0.99946
14 0.998401
14 0.999108
14 0.999161
14 0.999743
14 0.999648
14 0.998628
14 0.998724
14 0.999539
14 0.999413
14 0.999541
14 0.999734
14 0.998715
14 0.999223
14 0.999478
14 0.999494
14 0.999454
14 0.998697
14 0.998178
obj015
---------------------------------------------------------
15 0.99929
15 0.999585
15 0.999304
15 0.998947
15 0.999725
15 0.999414
15 0.999842
15 0.999849
15 0.999659
15 0.999421
15 0.999513
15 0.999734
15 0.99847
15 0.999211
15 0.996866
15 0.999148
15 0.999172
15 0.998675
15 0.999371
15 0.999577
15 0.99806
15 0.999286
15 0.999672
15 0.999784
obj016
---------------------------------------------------------
16 0.996669
16 0.999314
16 0.991364
16 0.998607
16 0.998821
16 0.990233
16 0.998216
16 0.999116
16 0.99522
16 0.995309
16 0.998462
16 0.996416
16 0.999077
16 0.998619
16 0.996024
16 0.998387
16 0.998187
16 0.999574
16 0.998201
16 0.997849
16 0.989169
16 0.998323
16 0.99843
16 0.996171
obj017
---------------------------------------------------------
17 0.999966
17 0.999662
17 0.999727
17 0.999476
17 0.999776
17 0.999953
55 0.999972
17 0.999745
17 0.999779
17 0.999729
17 0.998768
17 0.999712
17 0.999826
17 0.999855
17 0.999704
17 0.997801
57 0.999973
17 0.999663
17 0.99936
17 0.999845
17 0.99952
17 0.999064
17 0.998312
17 0.999864
obj018
---------------------------------------------------------
18 0.998719
18 0.998311
18 0.999812
18 0.999672
18 0.996863
18 0.998838
18 0.999288
18 0.997772
18 0.999822
18 0.999664
18 0.999552
18 0.999737
18 0.999322
18 0.999491
18 0.998931
18 0.99937
18 0.998652
18 0.999757
18 0.999454
18 0.999503
18 0.997898
18 0.999743
18 0.998588
18 0.999281
obj019
---------------------------------------------------------
19 0.999134
19 0.999298
19 0.998206
19 0.999102
19 0.998739
19 0.999019
19 0.998946
19 0.998847
19 0.999389
19 0.998684
19 0.999362
19 0.999354
19 0.999792
19 0.998987
19 0.999403
19 0.998931
19 0.999408
19 0.99873
19 0.99859
19 0.998507
19 0.999046
19 0.999265
19 0.999126
19 0.999173
obj020
---------------------------------------------------------
20 0.997988
20 0.997788
20 0.999618
20 0.998878
20 0.999431
20 0.998816
20 0.999411
20 0.999306
20 0.996915
20 0.999196
20 0.998913
20 0.999349
20 0.999474
20 0.99796
20 0.998952
20 0.998994
20 0.998336
20 0.998946
20 0.999367
20 0.999363
20 0.993787
20 0.996821
20 0.999056
20 0.998351
obj021
---------------------------------------------------------
21 0.996928
21 0.999265
21 0.998894
21 0.997455
21 0.997521
21 0.998985
21 0.999202
21 0.993981
21 0.998471
21 0.997586
21 0.999639
21 0.999668
21 0.997848
21 0.999307
21 0.99968
21 0.995574
21 0.998777
21 0.99894
21 0.998985
21 0.99748
21 0.999622
21 0.998937
21 0.999338
21 0.998651
obj022
---------------------------------------------------------
22 0.994379
22 0.998355
22 0.995737
22 0.999261
22 0.998872
22 0.992143
22 0.998792
22 0.999166
22 0.998783
22 0.997458
22 0.99817
22 0.998186
22 0.998183
22 0.995919
22 0.987989
22 0.99874
22 0.996028
22 0.994908
22 0.997046
22 0.997798
22 0.998352
22 0.99525
22 0.99515
22 0.997948
obj023
---------------------------------------------------------
23 0.999057
23 0.998913
23 0.999538
23 0.999433
23 0.997998
23 0.999873
23 0.999659
23 0.99885
23 0.999611
23 0.999699
23 0.998979
23 0.999717
23 0.99908
23 0.998684
23 0.997862
23 0.998018
23 0.998686
23 0.998967
23 0.999519
23 0.99892
23 0.998791
23 0.999011
23 0.99882
23 0.999308
obj024
---------------------------------------------------------
24 0.999119
24 0.99889
24 0.998561
24 0.998118
24 0.999496
24 0.995762
24 0.997551
24 0.998704
24 0.999465
24 0.998424
24 0.997851
24 0.999784
24 0.998149
24 0.99886
24 0.998707
24 0.998628
24 0.999231
24 0.998196
24 0.999165
24 0.997947
24 0.999676
24 0.999684
24 0.997714
24 0.997359
obj025
---------------------------------------------------------
25 0.999193
25 0.998173
25 0.99821
25 0.999476
25 0.999515
25 0.999593
25 0.998768
25 0.998005
25 0.996657
25 0.999515
25 0.99874
25 0.999719
25 0.99591
25 0.997431
25 0.999147
25 0.999152
25 0.99952
25 0.997648
25 0.998543
25 0.997973
25 0.998379
25 0.999751
25 0.998823
25 0.999456
obj026
---------------------------------------------------------
26 0.998605
26 0.999128
26 0.998127
26 0.999229
26 0.999382
26 0.998397
26 0.999507
26 0.998626
26 0.998793
26 0.999325
26 0.999564
26 0.999361
26 0.99947
26 0.999813
26 0.99924
26 0.999022
26 0.99985
26 0.999049
26 0.999529
26 0.999304
26 0.999541
26 0.998441
26 0.998933
26 0.999625
obj027
---------------------------------------------------------
27 0.998133
27 0.996478
27 0.997369
27 0.992384
27 0.998515
27 0.997228
27 0.997296
27 0.997452
27 0.997283
27 0.997114
27 0.998198
27 0.997461
27 0.998351
27 0.997966
27 0.99957
27 0.997302
27 0.995011
27 0.995318
27 0.997956
27 0.998112
27 0.998828
27 0.998843
27 0.993217
27 0.995503
obj028
---------------------------------------------------------
28 0.999282
28 0.99925
28 0.999046
28 0.998529
28 0.996373
28 0.99858
28 0.997382
28 0.99875
28 0.99945
28 0.999466
28 0.999377
28 0.998796
28 0.999429
28 0.999824
28 0.999843
28 0.9996
28 0.998953
28 0.998792
28 0.99955
28 0.999829
28 0.996922
28 0.999007
28 0.998897
28 0.998024
obj029
---------------------------------------------------------
29 0.999146
29 0.999426
29 0.999762
29 0.999691
29 0.996245
29 0.999223
29 0.999508
29 0.999303
29 0.999709
29 0.998361
29 0.999572
29 0.998575
29 0.998477
29 0.999363
29 0.99995
29 0.999642
29 0.999842
29 0.999913
29 0.997533
29 0.999623
29 0.999778
29 0.999381
29 0.999796
29 0.999386
obj030
---------------------------------------------------------
30 0.999549
30 0.999645
30 0.999524
30 0.999385
30 0.999248
30 0.999953
30 0.999566
30 0.999832
30 0.999446
30 0.999542
30 0.999697
30 0.999706
30 0.998907
30 0.999903
30 0.999497
30 0.999974
30 0.999941
30 0.999801
30 0.999633
30 0.99968
30 0.999681
30 0.999911
30 0.999856
30 0.999397
obj031
---------------------------------------------------------
31 0.998563
31 0.999251
31 0.998103
31 0.998623
31 0.99873
31 0.99917
31 0.998816
31 0.997852
31 0.998702
31 0.999352
31 0.997394
31 0.997988
31 0.998212
31 0.996844
31 0.997409
31 0.999404
31 0.998391
31 0.995878
31 0.994665
31 0.996836
31 0.99891
31 0.995386
31 0.998103
31 0.997439
obj032
---------------------------------------------------------
32 0.99872
32 0.99643
32 0.991702
32 0.992807
32 0.993237
32 0.994505
32 0.998259
32 0.994013
32 0.997053
32 0.992664
32 0.994199
32 0.996297
32 0.997351
32 0.995398
32 0.98946
32 0.978674
32 0.988615
32 0.976969
32 0.996898
32 0.992432
32 0.990442
32 0.995615
32 0.998026
32 0.990378
obj033
---------------------------------------------------------
33 0.998426
33 0.997941
33 0.997453
33 0.999343
33 0.99776
33 0.999163
33 0.998986
33 0.999213
33 0.998618
33 0.999376
33 0.999297
33 0.986693
33 0.999126
33 0.998886
33 0.996872
33 0.996944
33 0.994358
33 0.999125
33 0.996249
33 0.998116
33 0.999649
33 0.99804
33 0.999541
33 0.996796
obj034
---------------------------------------------------------
34 0.998676
34 0.999729
34 0.998312
34 0.997155
34 0.998368
34 0.998791
34 0.998435
34 0.998741
34 0.997802
34 0.999346
34 0.99703
34 0.997973
34 0.996801
34 0.999645
34 0.997968
34 0.999105
34 0.995004
34 0.998854
34 0.997003
34 0.999665
34 0.999384
34 0.998188
34 0.998941
34 0.998003
obj035
---------------------------------------------------------
57 0.999947
35 0.99995
35 0.997856
35 0.999863
35 0.999909
35 0.999741
35 0.997786
35 0.999924
35 0.999614
55 0.999923
35 0.999696
35 0.999724
35 0.99988
35 0.999611
35 0.999959
35 0.998564
35 0.999774
35 0.999788
35 0.999898
35 0.99956
35 0.99936
35 0.997511
35 0.998889
35 0.999394
obj036
---------------------------------------------------------
36 0.999353
36 0.998169
36 0.998526
36 0.994827
36 0.998129
36 0.99856
36 0.999823
36 0.998303
36 0.998835
36 0.999263
36 0.999245
36 0.998945
36 0.999446
36 0.999569
36 0.998958
36 0.996285
36 0.999088
36 0.9989
36 0.997397
36 0.99955
36 0.997923
36 0.999417
36 0.999905
36 0.999329
obj037
---------------------------------------------------------
37 0.999279
37 0.999229
37 0.999686
37 0.999685
37 0.999931
37 0.999683
37 0.999853
37 0.999626
37 0.998612
37 0.99961
37 0.99971
37 0.997951
37 0.999771
37 0.999602
37 0.999528
37 0.999497
37 0.999887
56 0.999992
37 0.997715
37 0.999514
37 0.997966
37 0.999881
37 0.998529
56 0.999974
obj038
---------------------------------------------------------
38 0.999128
38 0.99913
38 0.99764
38 0.999223
38 0.998921
38 0.998933
38 0.999304
38 0.998298
38 0.99869
38 0.999254
38 0.99972
38 0.999025
38 0.999245
38 0.99924
38 0.99962
38 0.999191
55 0.998292
38 0.999808
38 0.999522
38 0.999138
38 0.99965
38 0.999769
38 0.99948
38 0.998088
obj039
---------------------------------------------------------
39 0.999295
39 0.998515
39 0.999456
39 0.999485
39 0.99915
39 0.999252
39 0.999605
39 0.998692
39 0.999521
39 0.998207
39 0.998601
39 0.999622
39 0.999705
39 0.999926
39 0.999635
39 0.999202
39 0.999558
39 0.999825
39 0.999262
39 0.999313
39 0.998936
39 0.999775
39 0.999503
39 0.999808
obj040
---------------------------------------------------------
40 0.995573
40 0.997945
40 0.994273
40 0.998812
40 0.995879
40 0.996016
40 0.998426
40 0.993796
40 0.991684
40 0.998337
40 0.997148
40 0.997576
40 0.998331
40 0.997327
40 0.995077
40 0.995425
40 0.998914
40 0.992747
40 0.994991
40 0.997569
40 0.997286
40 0.998872
40 0.989821
40 0.995485
obj041
---------------------------------------------------------
41 0.99593
41 0.994292
41 0.99266
41 0.994209
41 0.998167
41 0.990663
41 0.998375
41 0.989315
41 0.993562
41 0.990119
41 0.996901
41 0.998139
41 0.998862
41 0.99754
41 0.9976
41 0.994991
41 0.988488
41 0.997905
41 0.996928
41 0.995831
41 0.996607
41 0.998189
41 0.997004
41 0.998069
obj042
---------------------------------------------------------
42 0.981135
42 0.999141
42 0.999165
42 0.988359
42 0.996938
42 0.997603
42 0.991621
42 0.998935
42 0.991635
42 0.986674
42 0.997255
42 0.997961
42 0.997709
42 0.993898
42 0.996116
42 0.992515
42 0.991411
42 0.999051
42 0.99806
42 0.99909
42 0.997822
42 0.998227
42 0.997062
42 0.987358
obj043
---------------------------------------------------------
43 0.998115
43 0.999732
43 0.995397
43 0.99533
43 0.997114
43 0.99502
43 0.99428
43 0.999438
43 0.990728
43 0.998063
43 0.998355
43 0.993387
43 0.99469
43 0.997187
43 0.990282
43 0.996137
43 0.996034
43 0.999028
43 0.997883
43 0.998703
43 0.995334
43 0.997258
43 0.9972
43 0.998596
obj044
---------------------------------------------------------
44 0.997629
44 0.995804
44 0.995011
44 0.996126
44 0.994712
44 0.995898
44 0.997474
44 0.997412
44 0.996806
44 0.998484
44 0.997956
44 0.997442
44 0.996293
44 0.995168
44 0.990414
44 0.99553
44 0.996498
44 0.996121
44 0.994588
44 0.996323
44 0.995197
44 0.995628
44 0.997891
44 0.999054
obj045
---------------------------------------------------------
45 0.997148
45 0.99365
57 0.986893
45 0.998609
45 0.997246
45 0.995887
45 0.996388
45 0.98958
45 0.994283
45 0.991988
45 0.990956
45 0.982444
45 0.991389
45 0.99449
45 0.993303
45 0.997129
45 0.992577
45 0.989973
58 0.996741
45 0.973228
45 0.992451
45 0.994695
45 0.990302
45 0.996026
obj046
---------------------------------------------------------
46 0.99536
46 0.994038
46 0.995354
57 0.995602
46 0.98931
46 0.997349
46 0.994004
46 0.999407
46 0.988646
46 0.995653
46 0.996436
46 0.993326
46 0.998196
46 0.993901
46 0.989395
46 0.99653
46 0.993197
46 0.997643
57 0.994924
46 0.992392
46 0.991422
46 0.988863
46 0.994944
46 0.990249
obj047
---------------------------------------------------------
47 0.998894
47 0.996529
47 0.994612
47 0.997166
58 0.99968
47 0.992625
47 0.996199
47 0.99257
47 0.997928
47 0.996495
47 0.985132
47 0.999119
47 0.996971
47 0.998806
47 0.997678
58 0.998415
47 0.99838
47 0.996737
47 0.996908
47 0.996975
47 0.993841
47 0.991291
47 0.998618
47 0.996356
obj048
---------------------------------------------------------
48 0.999329
48 0.999341
48 0.999103
48 0.993159
48 0.998611
48 0.999792
48 0.996084
48 0.999413
48 0.985164
48 0.999906
48 0.999287
48 0.997619
48 0.999524
48 0.997956
48 0.998798
48 0.996638
48 0.997232
48 0.996278
48 0.996393
48 0.998659
48 0.990755
48 0.999467
48 0.997245
48 0.997274
obj049
---------------------------------------------------------
49 0.998774
49 0.997596
49 0.999675
49 0.998997
49 0.998619
49 0.999504
49 0.998207
49 0.998854
49 0.998786
49 0.997968
49 0.997213
49 0.999538
49 0.998721
49 0.99941
49 0.998099
49 0.998864
49 0.998919
49 0.998592
49 0.99875
49 0.998451
49 0.998645
49 0.998583
49 0.998854
49 0.998684
obj050
---------------------------------------------------------
50 0.999651
50 0.999262
50 0.998504
50 0.999546
50 0.999448
50 0.999437
50 0.999382
50 0.998809
50 0.999674
50 0.998516
50 0.999546
50 0.999905
50 0.998339
50 0.998886
50 0.999411
50 0.999736
50 0.999575
50 0.999658
50 0.997484
50 0.999547
50 0.997653
50 0.999138
50 0.998647
50 0.999113
obj051
---------------------------------------------------------
51 0.999835
51 0.999438
51 0.999495
51 0.999772
51 0.999461
51 0.998919
51 0.998244
51 0.999241
51 0.999723
51 0.999128
51 0.999361
51 0.999217
51 0.999097
51 0.999073
51 0.999263
51 0.99896
51 0.999791
51 0.99943
51 0.999029
51 0.999574
51 0.998735
51 0.99968
51 0.999635
51 0.999429
obj052
---------------------------------------------------------
52 0.992655
52 0.997411
52 0.996662
52 0.993853
52 0.998972
52 0.995358
52 0.998683
52 0.99778
52 0.995857
52 0.995155
52 0.999354
52 0.999105
52 0.996699
52 0.996638
52 0.9991
52 0.990808
52 0.998876
52 0.998682
52 0.996718
52 0.999131
52 0.996764
52 0.99743
52 0.995254
52 0.999227
obj053
---------------------------------------------------------
53 0.994226
53 0.999694
53 0.99756
53 0.996652
53 0.997724
57 0.999711
53 0.998542
53 0.999317
53 0.998948
53 0.998773
53 0.998581
53 0.999022
53 0.997704
53 0.99689
53 0.997483
53 0.995387
53 0.999333
53 0.996526
53 0.997823
53 0.999011
53 0.997987
53 0.998281
53 0.999327
53 0.997332
obj054
---------------------------------------------------------
54 0.999441
54 0.999818
54 0.999836
54 0.999962
56 0.999886
54 0.999977
54 0.999858
54 0.999956
54 0.99988
54 0.999778
58 0.999296
54 0.999857
54 0.999983
54 0.999943
54 0.999975
54 0.999908
54 0.999931
54 0.999948
54 0.999895
55 0.999909
54 0.999984
54 0.999849
55 0.999906
54 0.999882
obj055
---------------------------------------------------------
55 0.999997
55 1
55 1
55 1
55 1
55 1
55 0.999997
55 1
55 1
55 1
55 0.999997
55 1
55 1
55 1
55 1
55 1
55 0.999995
55 0.999996
55 0.999996
55 1
55 1
55 1
55 1
55 1
obj056
---------------------------------------------------------
56 1
56 1
56 0.999983
56 0.999988
56 1
56 1
56 0.999995
56 1
56 1
56 1
56 1
56 1
56 1
56 1
56 1
56 1
55 0.999974
56 1
56 1
56 1
56 1
56 1
56 0.999971
56 1
obj057
---------------------------------------------------------
57 0.999996
57 0.999984
57 0.999954
57 0.999672
57 0.999982
57 0.999998
57 0.999997
57 0.999997
57 0.999992
57 0.99999
57 0.999988
57 0.999869
57 0.999999
57 0.999997
57 0.999996
57 0.999991
57 0.999968
57 0.999999
57 1
57 0.99997
57 0.999999
57 0.999868
57 0.999993
57 0.999991
obj058
---------------------------------------------------------
58 0.999998
58 1
58 0.999998
58 0.999997
58 0.999953
58 1
58 1
58 1
58 1
58 1
58 1
58 1
58 1
58 1
58 1
58 1
58 1
58 1
58 1
58 1
58 1
58 1
58 1
58 1
obj059
---------------------------------------------------------
59 0.999813
59 0.999106
59 0.999455
59 0.999491
59 0.998638
59 0.999419
59 0.99964
59 0.999887
59 0.999692
59 0.999477
59 0.999587
59 0.99977
59 0.999268
59 0.99982
59 0.998688
59 0.998792
59 0.999
59 0.999562
59 0.999224
59 0.999548
59 0.999491
59 0.999712
59 0.999495
59 0.999348
obj060
---------------------------------------------------------
60 0.99888
60 0.999619
60 0.999168
60 0.998817
60 0.999562
60 0.999851
60 0.999229
60 0.998546
60 0.999516
60 0.999364
60 0.999762
60 0.999198
60 0.99903
60 0.998839
60 0.998738
60 0.999172
60 0.999445
60 0.999646
60 0.99908
60 0.997983
60 0.996526
60 0.999847
60 0.999402
60 0.99905
obj061
---------------------------------------------------------
61 0.994931
57 0.995278
61 0.998538
61 0.997987
61 0.991618
61 0.997318
61 0.999107
61 0.998582
61 0.998691
61 0.99911
61 0.996418
57 0.998615
61 0.998633
55 0.999047
61 0.995122
61 0.997042
61 0.998577
61 0.993934
61 0.997964
61 0.97696
61 0.989869
55 0.996652
61 0.99624
61 0.996747
obj062
---------------------------------------------------------
62 0.999799
62 0.999395
62 0.998857
62 0.997707
62 0.998761
62 0.99887
62 0.998259
62 0.998641
62 0.998836
62 0.999217
62 0.999698
62 0.998795
62 0.999275
62 0.999276
62 0.999915
62 0.999454
62 0.998379
62 0.999689
62 0.998761
62 0.998888
62 0.999336
62 0.999659
62 0.999704
62 0.99922
----------------------------------------------------------
GRSD-colorCHLAC - rotation invariant - (137)
----------------------------------------------------------
obj000
---------------------------------------------------------
0 0.998291
0 0.999114
0 0.997918
0 0.998298
0 0.998527
0 0.9968
0 0.994516
0 0.998701
0 0.998491
0 0.998675
0 0.998555
0 0.998494
0 0.994681
0 0.998286
0 0.997531
0 0.998493
0 0.996637
0 0.995604
0 0.998459
0 0.999293
0 0.997579
0 0.998257
0 0.997423
0 0.996037
obj001
---------------------------------------------------------
1 0.998176
1 0.997871
1 0.993257
1 0.997647
1 0.996825
1 0.995056
1 0.997977
1 0.996435
1 0.996485
1 0.997162
1 0.995404
1 0.952196
1 0.995361
1 0.992391
1 0.996989
1 0.990928
1 0.998719
1 0.998373
1 0.967564
1 0.990721
1 0.958497
1 0.99836
1 0.995122
1 0.997011
obj002
---------------------------------------------------------
2 0.999221
2 0.998241
2 0.997978
2 0.999354
2 0.998914
2 0.999646
2 0.999276
2 0.999295
2 0.998525
2 0.999301
2 0.999824
2 0.999361
2 0.999594
2 0.998895
2 0.999007
2 0.996837
2 0.999335
2 0.999012
2 0.999748
2 0.998215
2 0.999272
2 0.999326
2 0.999254
2 0.999136
obj003
---------------------------------------------------------
3 0.99661
3 0.995571
3 0.992991
3 0.996346
3 0.995169
3 0.998759
3 0.991063
3 0.989725
3 0.996898
3 0.996282
3 0.999013
3 0.993931
3 0.997815
3 0.99637
3 0.993875
3 0.999436
3 0.986083
3 0.994157
3 0.987364
3 0.996715
3 0.997786
3 0.999434
3 0.994462
3 0.998629
obj004
---------------------------------------------------------
4 0.997082
4 0.992123
4 0.996027
4 0.990926
4 0.996589
4 0.996801
4 0.996847
4 0.988465
4 0.995295
4 0.994943
4 0.996592
4 0.992742
4 0.995319
4 0.998082
4 0.997342
4 0.998203
4 0.995356
4 0.989309
4 0.996683
4 0.99122
4 0.982351
4 0.990185
4 0.994263
4 0.998222
obj005
---------------------------------------------------------
5 0.99702
5 0.999528
5 0.997409
5 0.996595
5 0.998299
5 0.999459
5 0.999303
5 0.998782
5 0.99383
5 0.997221
5 0.998532
5 0.994304
5 0.998882
5 0.994261
5 0.997509
5 0.998575
5 0.998634
5 0.999309
5 0.99947
5 0.998547
5 0.995734
5 0.998615
5 0.998963
5 0.997048
obj006
---------------------------------------------------------
6 0.997324
6 0.996157
6 0.997718
6 0.993708
6 0.998211
6 0.977898
6 0.998622
6 0.991549
6 0.998731
6 0.996201
6 0.996822
6 0.99205
6 0.997817
6 0.997366
6 0.995498
6 0.996095
6 0.995901
6 0.997978
6 0.990171
6 0.997664
6 0.997837
6 0.998842
6 0.998316
6 0.999257
obj007
---------------------------------------------------------
7 0.996229
7 0.996987
7 0.997721
7 0.997476
7 0.986236
7 0.981072
7 0.992935
7 0.997944
7 0.999505
7 0.999271
7 0.999271
7 0.995765
7 0.999534
7 0.949236
7 0.993096
7 0.991084
7 0.997381
7 0.996098
7 0.996317
7 0.996609
7 0.997598
7 0.991729
7 0.999303
7 0.999054
obj008
---------------------------------------------------------
8 0.991919
8 0.97282
8 0.988684
8 0.99032
8 0.990999
8 0.991505
8 0.990563
8 0.989679
8 0.995332
8 0.986496
8 0.989579
8 0.996239
8 0.98937
8 0.997243
8 0.997532
8 0.990779
8 0.988528
8 0.995461
8 0.988836
8 0.989288
8 0.991136
8 0.992176
8 0.996717
8 0.992294
obj009
---------------------------------------------------------
9 0.997995
9 0.997444
9 0.997852
9 0.997972
9 0.998517
9 0.997988
9 0.998808
9 0.998811
9 0.998999
9 0.99907
9 0.9984
9 0.998158
9 0.998591
9 0.999074
9 0.999213
9 0.997527
9 0.995098
9 0.999526
9 0.998079
9 0.997731
9 0.992132
9 0.996894
9 0.999587
9 0.998219
obj010
---------------------------------------------------------
10 0.996807
10 0.996554
10 0.995251
10 0.997186
10 0.995965
10 0.997608
10 0.994531
10 0.989702
10 0.994006
10 0.992722
10 0.995663
10 0.994304
10 0.99081
10 0.9955
10 0.997959
10 0.995304
10 0.995246
10 0.996118
10 0.988623
10 0.994304
10 0.99851
10 0.990396
10 0.980075
10 0.995491
obj011
---------------------------------------------------------
11 0.998882
11 0.997886
11 0.999317
11 0.999607
11 0.992126
11 0.987816
11 0.998951
11 0.999656
11 0.998609
11 0.999686
11 0.999544
11 0.998812
11 0.999212
11 0.998666
11 0.999012
11 0.998878
11 0.996118
11 0.997457
11 0.995679
11 0.998409
11 0.99832
11 0.997106
11 0.99922
11 0.9984
obj012
---------------------------------------------------------
12 0.99824
12 0.995311
12 0.998673
12 0.998715
12 0.99935
12 0.998361
12 0.999055
12 0.999225
12 0.998889
12 0.999154
12 0.999066
12 0.998348
12 0.997886
12 0.998582
12 0.997869
12 0.996206
12 0.997062
12 0.998915
12 0.998181
12 0.998896
12 0.997098
12 0.999295
12 0.998934
12 0.998303
obj013
---------------------------------------------------------
13 0.994594
13 0.99786
13 0.999268
13 0.999044
13 0.99902
13 0.999637
13 0.999133
13 0.999439
13 0.995026
13 0.998821
13 0.998015
13 0.999523
13 0.999124
13 0.998553
13 0.999606
13 0.999603
13 0.998806
13 0.99913
13 0.999203
13 0.999251
13 0.999345
13 0.999343
13 0.999423
13 0.998575
obj014
---------------------------------------------------------
14 0.990784
14 0.995987
14 0.994235
14 0.994725
14 0.997329
14 0.996995
14 0.994519
14 0.993253
14 0.996949
14 0.998242
14 0.998222
14 0.996017
14 0.993835
14 0.998687
14 0.995486
14 0.99739
14 0.996364
14 0.995809
14 0.995263
14 0.99818
14 0.998082
14 0.996535
14 0.99367
14 0.995317
obj015
---------------------------------------------------------
15 0.998277
15 0.998469
15 0.998
15 0.99737
15 0.998729
15 0.998819
15 0.999612
15 0.999589
15 0.999311
15 0.998335
15 0.998917
15 0.999378
15 0.996385
15 0.998088
15 0.991382
15 0.997661
15 0.997724
15 0.996874
15 0.998732
15 0.999076
15 0.99599
15 0.99852
15 0.999248
15 0.999477
obj016
---------------------------------------------------------
16 0.989698
16 0.997561
16 0.977652
16 0.996221
16 0.996964
16 0.980734
16 0.996349
16 0.997016
16 0.987882
16 0.98825
16 0.996328
16 0.990719
16 0.998295
16 0.995792
16 0.990387
16 0.995837
16 0.995657
16 0.998722
16 0.994842
16 0.995252
16 0.982335
16 0.995861
16 0.99656
16 0.990793
obj017
---------------------------------------------------------
17 0.999852
17 0.999323
17 0.999216
17 0.99913
17 0.999545
17 0.999909
17 0.999568
17 0.998544
17 0.999393
17 0.999234
17 0.995353
17 0.999426
17 0.999544
17 0.999705
17 0.999432
17 0.996194
17 0.99949
17 0.999122
17 0.998852
17 0.99965
17 0.998471
17 0.998401
17 0.997112
17 0.99934
obj018
---------------------------------------------------------
18 0.996381
18 0.996316
18 0.99845
18 0.999031
18 0.993525
18 0.997538
18 0.998416
18 0.995056
18 0.999592
18 0.999262
18 0.99889
18 0.999481
18 0.998642
18 0.999052
18 0.997967
18 0.998324
18 0.99778
18 0.998024
18 0.998266
18 0.999122
18 0.995557
18 0.999382
18 0.996655
18 0.998357
obj019
---------------------------------------------------------
19 0.997216
19 0.998347
19 0.993631
19 0.997703
19 0.997415
19 0.998027
19 0.997697
19 0.99753
19 0.998449
19 0.997118
19 0.998565
19 0.998537
19 0.999458
19 0.99794
19 0.99856
19 0.997953
19 0.997894
19 0.996512
19 0.996869
19 0.996734
19 0.997824
19 0.998348
19 0.997846
19 0.998178
obj020
---------------------------------------------------------
20 0.995926
20 0.995252
20 0.999084
20 0.997624
20 0.997687
20 0.99656
20 0.998648
20 0.998783
20 0.994185
20 0.998365
20 0.998249
20 0.99892
20 0.998895
20 0.996313
20 0.998152
20 0.997548
20 0.994593
20 0.998143
20 0.99865
20 0.998902
20 0.988025
20 0.994269
20 0.998387
20 0.993246
obj021
---------------------------------------------------------
21 0.991732
21 0.994677
21 0.993349
21 0.995794
21 0.993233
21 0.996657
21 0.997052
21 0.987815
21 0.995501
21 0.993091
21 0.998673
21 0.998238
21 0.995771
21 0.997242
21 0.996405
21 0.987383
21 0.996227
21 0.997496
21 0.99758
21 0.993574
21 0.996489
21 0.996677
21 0.995913
21 0.9947
obj022
---------------------------------------------------------
22 0.982512
22 0.99629
22 0.987316
22 0.997238
22 0.997455
22 0.985095
22 0.996114
22 0.997872
22 0.995343
22 0.992492
22 0.992368
22 0.995054
22 0.994772
22 0.987275
22 0.957966
22 0.996351
22 0.979259
22 0.982462
22 0.992813
22 0.993847
22 0.994819
22 0.988819
22 0.988322
22 0.993259
obj023
---------------------------------------------------------
23 0.998256
23 0.994803
23 0.998873
23 0.99852
23 0.993809
23 0.999705
23 0.99906
23 0.997137
23 0.999183
23 0.999069
23 0.994784
23 0.999123
23 0.995736
23 0.99576
23 0.996208
23 0.995916
23 0.997493
23 0.994977
23 0.998703
23 0.996453
23 0.99607
23 0.997552
23 0.997245
23 0.998665
obj024
---------------------------------------------------------
24 0.981584
24 0.995613
24 0.995118
24 0.995586
24 0.997237
24 0.984681
24 0.991651
24 0.994
24 0.997747
24 0.995827
24 0.989852
24 0.997867
24 0.993365
24 0.995895
24 0.997202
24 0.995636
24 0.996056
24 0.991559
24 0.997534
24 0.992999
24 0.993051
24 0.999081
24 0.973633
24 0.992119
obj025
---------------------------------------------------------
25 0.995069
25 0.993335
25 0.993432
25 0.997124
25 0.983355
25 0.992775
25 0.994352
25 0.994446
25 0.988169
25 0.993681
25 0.994644
25 0.994848
25 0.988105
25 0.988879
25 0.996579
25 0.99506
25 0.995119
25 0.988699
25 0.988817
25 0.991683
25 0.995346
25 0.997761
25 0.994678
25 0.9981
obj026
---------------------------------------------------------
26 0.996019
26 0.997557
26 0.994158
26 0.997236
26 0.998281
26 0.995886
26 0.998769
26 0.996758
26 0.99689
26 0.997722
26 0.998901
26 0.998384
26 0.998336
26 0.999292
26 0.997569
26 0.99756
26 0.999622
26 0.997216
26 0.998513
26 0.998342
26 0.99883
26 0.996202
26 0.997163
26 0.99853
obj027
---------------------------------------------------------
27 0.992943
27 0.989341
27 0.990922
27 0.975223
27 0.994238
27 0.990803
27 0.992529
27 0.993328
27 0.989532
27 0.991249
27 0.99384
27 0.992098
27 0.995784
27 0.991137
27 0.996503
27 0.991342
27 0.98309
27 0.988579
27 0.991016
27 0.994174
27 0.994541
27 0.996229
27 0.981903
27 0.986324
obj028
---------------------------------------------------------
28 0.996409
28 0.997442
28 0.994811
28 0.994136
28 0.990077
28 0.993417
28 0.989376
28 0.995636
28 0.998509
28 0.998458
28 0.997037
28 0.990945
28 0.998448
28 0.992914
28 0.997262
28 0.998823
28 0.994522
28 0.996226
28 0.998262
28 0.999209
28 0.990263
28 0.997358
28 0.995768
28 0.994884
obj029
---------------------------------------------------------
29 0.997086
29 0.998695
29 0.999242
29 0.997597
29 0.989805
29 0.998474
29 0.998832
29 0.998946
29 0.999112
29 0.994978
29 0.998786
29 0.9947
29 0.989989
29 0.998754
29 0.996889
29 0.998565
29 0.999047
29 0.999709
29 0.994786
29 0.999134
29 0.998564
29 0.998384
29 0.999511
29 0.999001
obj030
---------------------------------------------------------
30 0.996314
30 0.998631
30 0.999006
30 0.998207
30 0.998242
30 0.999616
30 0.998061
30 0.998564
30 0.998554
30 0.998851
30 0.997229
30 0.998585
30 0.997149
30 0.998015
30 0.996394
30 0.999705
30 0.999789
30 0.99951
30 0.997842
30 0.999362
30 0.997104
30 0.999565
30 0.999336
30 0.997497
obj031
---------------------------------------------------------
31 0.994886
31 0.997387
31 0.994927
31 0.994479
31 0.994273
31 0.997145
31 0.995772
31 0.993242
31 0.995061
31 0.99744
31 0.99113
31 0.993357
31 0.992993
31 0.989797
31 0.991324
31 0.997643
31 0.994406
31 0.986137
31 0.982234
31 0.990603
31 0.996662
31 0.987123
31 0.993747
31 0.991514
obj032
---------------------------------------------------------
32 0.997119
32 0.994785
32 0.979245
32 0.98654
32 0.989641
32 0.98227
32 0.98775
32 0.976798
32 0.994315
32 0.98472
32 0.984618
32 0.993102
32 0.993523
32 0.986046
32 0.965248
32 0.953056
32 0.980443
32 0.950577
32 0.987829
32 0.981902
32 0.970609
32 0.994009
32 0.98985
32 0.983204
obj033
---------------------------------------------------------
33 0.99558
33 0.993228
33 0.992877
33 0.998098
33 0.992408
33 0.997701
33 0.996734
33 0.997772
33 0.994302
33 0.998273
33 0.997426
33 0.973388
33 0.99723
33 0.997063
33 0.990408
33 0.99267
33 0.983423
33 0.997273
33 0.991511
33 0.994696
33 0.998639
33 0.993756
33 0.998869
33 0.991817
obj034
---------------------------------------------------------
34 0.995263
34 0.998086
34 0.992903
34 0.991074
34 0.994599
34 0.993978
34 0.99518
34 0.995148
34 0.992689
34 0.997828
34 0.9861
34 0.992868
34 0.98984
34 0.9972
34 0.994582
34 0.99407
34 0.983218
34 0.99617
34 0.989269
34 0.99803
34 0.997751
34 0.993274
34 0.996614
34 0.993925
obj035
---------------------------------------------------------
35 0.993317
35 0.999553
35 0.997565
35 0.999672
35 0.999147
35 0.99845
35 0.995008
35 0.999448
35 0.999401
35 0.988132
35 0.99949
35 0.999264
35 0.998834
35 0.998471
35 0.999692
35 0.998562
35 0.999092
35 0.999757
35 0.996888
35 0.99877
35 0.998997
35 0.990244
35 0.993607
35 0.997828
obj036
---------------------------------------------------------
36 0.998641
36 0.99552
36 0.995738
36 0.986942
36 0.996196
36 0.996496
36 0.99926
36 0.996212
36 0.994665
36 0.996603
36 0.998281
36 0.997267
36 0.998192
36 0.997427
36 0.99753
36 0.985362
36 0.998069
36 0.996877
36 0.994344
36 0.999147
36 0.994585
36 0.998216
36 0.999538
36 0.99871
obj037
---------------------------------------------------------
37 0.997665
37 0.997288
37 0.998264
37 0.998751
37 0.998749
37 0.998883
37 0.999464
37 0.997758
37 0.989573
37 0.999029
37 0.999407
37 0.995171
37 0.999501
37 0.999577
37 0.998518
37 0.999195
37 0.99758
37 0.999706
37 0.988126
37 0.997919
37 0.996552
37 0.999285
37 0.995384
37 0.999753
obj038
---------------------------------------------------------
38 0.991948
38 0.997781
38 0.990986
38 0.997066
38 0.997646
38 0.992955
38 0.998246
38 0.993302
38 0.993419
38 0.997986
38 0.999398
38 0.998188
38 0.997726
38 0.994673
38 0.99887
38 0.995134
38 0.99371
38 0.997042
38 0.998744
38 0.998234
38 0.998465
38 0.999604
38 0.998537
38 0.993887
obj039
---------------------------------------------------------
39 0.998046
39 0.994288
39 0.998938
39 0.998174
39 0.997676
39 0.998071
39 0.999218
39 0.9966
39 0.997852
39 0.996646
39 0.996698
39 0.998208
39 0.998778
39 0.999561
39 0.997761
39 0.997347
39 0.998749
39 0.999452
39 0.998356
39 0.998537
39 0.997515
39 0.999358
39 0.998321
39 0.998512
obj040
---------------------------------------------------------
40 0.992552
40 0.994113
40 0.985846
40 0.996679
40 0.989189
40 0.98921
40 0.995304
40 0.981522
40 0.97568
40 0.994661
40 0.992408
40 0.992912
40 0.995928
40 0.992435
40 0.987206
40 0.987394
40 0.996979
40 0.984174
40 0.987567
40 0.992772
40 0.993961
40 0.996574
40 0.975566
40 0.988465
obj041
---------------------------------------------------------
41 0.992223
41 0.987737
41 0.988013
41 0.984583
41 0.994714
41 0.97413
41 0.995098
41 0.974764
41 0.987361
41 0.975348
41 0.989541
41 0.996265
41 0.995571
41 0.993536
41 0.995549
41 0.984378
41 0.978834
41 0.995347
41 0.992116
41 0.991379
41 0.992735
41 0.994675
41 0.993472
41 0.994113
obj042
---------------------------------------------------------
42 0.949735
42 0.997588
42 0.997153
42 0.970959
42 0.99391
42 0.992901
42 0.976897
42 0.997395
42 0.975132
42 0.964667
42 0.993933
42 0.994311
42 0.991342
42 0.983608
42 0.989736
42 0.979063
42 0.982172
42 0.996918
42 0.995609
42 0.996939
42 0.993661
42 0.995627
42 0.994365
42 0.960039
obj043
---------------------------------------------------------
43 0.993814
43 0.997105
43 0.986292
43 0.983387
43 0.993034
43 0.983843
43 0.980801
43 0.994463
43 0.972461
43 0.9952
43 0.994858
43 0.979029
43 0.981874
43 0.988716
43 0.978706
43 0.992333
43 0.991918
43 0.996698
43 0.989531
43 0.995364
43 0.985034
43 0.993384
43 0.990323
43 0.995671
obj044
---------------------------------------------------------
44 0.986108
44 0.988334
44 0.983856
44 0.986867
44 0.985271
44 0.991253
44 0.991986
44 0.992658
44 0.994726
44 0.990646
44 0.99167
44 0.993761
44 0.9903
44 0.981973
44 0.972257
44 0.990365
44 0.992722
44 0.99261
44 0.975447
44 0.990725
44 0.985733
44 0.989841
44 0.993408
44 0.988552
obj045
---------------------------------------------------------
45 0.992233
45 0.979583
45 0.957959
45 0.989854
45 0.990134
45 0.98124
45 0.980058
45 0.976239
45 0.98044
45 0.97818
45 0.97134
45 0.953118
45 0.968088
45 0.981831
45 0.97751
45 0.991541
45 0.979613
45 0.958159
45 0.986728
45 0.932144
45 0.983636
45 0.988091
45 0.972035
45 0.981857
obj046
---------------------------------------------------------
46 0.983323
46 0.986065
46 0.985662
46 0.988037
46 0.979245
46 0.994748
46 0.988625
46 0.998395
46 0.971543
46 0.987532
46 0.988227
46 0.983822
46 0.993151
46 0.979079
46 0.968833
46 0.991824
46 0.978216
46 0.986709
46 0.980809
46 0.978303
46 0.974393
46 0.96864
46 0.991815
46 0.97656
obj047
---------------------------------------------------------
47 0.997561
47 0.988101
47 0.984345
47 0.989232
47 0.989032
47 0.980012
47 0.992408
47 0.978541
47 0.994591
47 0.992387
47 0.963103
47 0.99647
47 0.990471
47 0.996889
47 0.994433
47 0.99283
47 0.99551
47 0.991639
47 0.990885
47 0.989607
47 0.985934
47 0.976705
47 0.996563
47 0.989596
obj048
---------------------------------------------------------
48 0.998536
48 0.998442
48 0.997565
48 0.971071
48 0.996895
48 0.999473
48 0.991262
48 0.998809
48 0.957729
48 0.99954
48 0.998642
48 0.993861
48 0.999057
48 0.995273
48 0.998027
48 0.991405
48 0.99483
48 0.989576
48 0.992101
48 0.996003
48 0.979356
48 0.99876
48 0.993509
48 0.994376
obj049
---------------------------------------------------------
49 0.997335
49 0.993109
49 0.999074
49 0.996939
49 0.996563
49 0.997666
49 0.993954
49 0.996832
49 0.997092
49 0.994964
49 0.990778
49 0.998146
49 0.996653
49 0.99865
49 0.99665
49 0.996855
49 0.997038
49 0.994129
49 0.995599
49 0.995772
49 0.996124
49 0.99639
49 0.997227
49 0.996761
obj050
---------------------------------------------------------
50 0.998858
50 0.997616
50 0.996036
50 0.998637
50 0.998261
50 0.998085
50 0.998562
50 0.996657
50 0.998965
50 0.99579
50 0.998419
50 0.999281
50 0.995217
50 0.997423
50 0.998226
50 0.998914
50 0.998832
50 0.998996
50 0.991896
50 0.998255
50 0.993926
50 0.99756
50 0.994807
50 0.997371
obj051
---------------------------------------------------------
51 0.999611
51 0.998546
51 0.998818
51 0.99949
51 0.998854
51 0.997539
51 0.996042
51 0.998318
51 0.999444
51 0.997836
51 0.998216
51 0.997598
51 0.997674
51 0.997381
51 0.998436
51 0.997168
51 0.999505
51 0.998541
51 0.997985
51 0.999019
51 0.996393
51 0.999176
51 0.999166
51 0.998385
obj052
---------------------------------------------------------
52 0.980436
52 0.992091
52 0.991317
52 0.981951
52 0.99659
52 0.986172
52 0.996249
52 0.990718
52 0.989913
52 0.985381
52 0.997891
52 0.997058
52 0.991278
52 0.989312
52 0.997268
52 0.978576
52 0.994438
52 0.99683
52 0.990581
52 0.997333
52 0.991197
52 0.99319
52 0.986001
52 0.9958
obj053
---------------------------------------------------------
53 0.978876
53 0.998485
53 0.990869
53 0.989358
53 0.991939
53 0.992119
53 0.993437
53 0.998097
53 0.996063
53 0.996756
53 0.993434
53 0.993378
53 0.994299
53 0.990099
53 0.993684
53 0.991665
53 0.998045
53 0.989091
53 0.992085
53 0.996987
53 0.995419
53 0.993574
53 0.998224
53 0.994014
obj054
---------------------------------------------------------
54 0.996104
54 0.999594
54 0.999446
54 0.997409
54 0.997885
54 0.999558
54 0.999372
54 0.999298
54 0.998947
54 0.999079
54 0.997237
54 0.999699
54 0.999404
54 0.999746
54 0.999538
54 0.999487
54 0.999094
54 0.999215
54 0.999503
54 0.999065
54 0.999795
54 0.999306
54 0.999092
54 0.999354
obj055
---------------------------------------------------------
55 0.999987
55 0.999966
55 0.99986
55 0.999974
55 0.999965
55 0.999988
55 0.999989
55 0.99999
55 0.999968
55 0.999988
55 0.999986
55 0.99996
55 0.999997
55 0.999994
55 0.999955
55 0.999975
55 0.999922
55 0.999989
55 0.999901
55 0.999853
55 0.999988
55 0.999931
55 0.999973
55 0.999987
obj056
---------------------------------------------------------
56 0.999977
56 0.999971
56 0.999928
56 0.999909
56 0.999983
56 0.999968
56 0.999939
56 0.999961
56 0.997844
56 0.999957
56 0.999969
56 0.999963
56 0.999971
56 0.999932
56 0.999911
56 0.999801
56 0.999943
56 0.999959
56 0.999936
56 0.999967
56 0.999965
56 0.999969
56 0.999916
56 0.999966
obj057
---------------------------------------------------------
57 0.999965
57 0.999896
57 0.999941
57 0.99966
57 0.999853
57 0.999969
57 0.999991
57 0.999991
57 0.999927
57 0.999855
57 0.999981
57 0.999862
57 0.999933
57 0.999979
57 0.999966
57 0.999982
57 0.999854
57 0.999973
57 0.999997
57 0.999896
57 0.99999
57 0.999844
57 0.999975
57 0.999986
obj058
---------------------------------------------------------
58 0.999989
58 0.999953
58 0.999995
58 0.999985
58 0.999945
58 0.999992
58 0.99999
58 0.999999
58 0.999997
58 0.999926
58 0.999889
58 0.99996
58 0.999992
58 0.999895
58 0.999965
58 0.999997
58 0.999977
58 0.999952
58 0.999995
58 0.999996
58 0.999979
58 0.999977
58 0.999954
58 0.999997
obj059
---------------------------------------------------------
59 0.998431
59 0.996934
59 0.998354
59 0.997284
59 0.995926
59 0.998138
59 0.998741
59 0.998281
59 0.996773
59 0.998041
59 0.99815
59 0.998627
59 0.99684
59 0.998298
59 0.9959
59 0.996522
59 0.996961
59 0.997641
59 0.996207
59 0.997062
59 0.985647
59 0.998951
59 0.998171
59 0.997326
obj060
---------------------------------------------------------
60 0.995956
60 0.996668
60 0.996672
60 0.995124
60 0.997042
60 0.997641
60 0.996363
60 0.994679
60 0.988978
60 0.986283
60 0.998387
60 0.997786
60 0.993996
60 0.994173
60 0.993425
60 0.997425
60 0.99722
60 0.998125
60 0.997194
60 0.993565
60 0.989022
60 0.998585
60 0.996781
60 0.997646
obj061
---------------------------------------------------------
61 0.992453
61 0.975141
61 0.991416
61 0.994731
61 0.983248
61 0.99081
61 0.996945
61 0.994958
61 0.996162
61 0.996583
61 0.994902
61 0.989967
61 0.995899
61 0.992979
61 0.982825
61 0.991812
61 0.998113
61 0.986955
61 0.993143
61 0.971697
61 0.95062
61 0.992101
61 0.989189
61 0.992945
obj062
---------------------------------------------------------
62 0.996995
62 0.998131
62 0.997669
62 0.993093
62 0.997833
62 0.996842
62 0.996832
62 0.996699
62 0.996701
62 0.995903
62 0.999102
62 0.997723
62 0.99847
62 0.997753
62 0.999246
62 0.998601
62 0.995476
62 0.998875
62 0.997444
62 0.997605
62 0.998028
62 0.999288
62 0.997884
62 0.997853
