----------------------------------------------------------
colorCHLAC - rotateion variant - (981)
----------------------------------------------------------
obj000
---------------------------------------------------------
0 0.879876
0 0.902682
0 0.843026
0 0.915089
0 0.921572
0 0.901792
0 0.890228
0 0.91239
0 0.909259
0 0.907353
0 0.930936
0 0.908329
0 0.912666
0 0.91865
0 0.878591
0 0.865279
0 0.907442
0 0.901317
0 0.917265
0 0.880897
0 0.930016
0 0.908009
0 0.891397
0 0.934585
obj001
---------------------------------------------------------
1 0.574688
1 0.568828
1 0.527092
1 0.660166
1 0.637065
1 0.575334
1 0.411991
1 0.561536
1 0.66687
1 0.583732
0 0.5631
1 0.425396
1 0.642541
1 0.619977
1 0.570785
1 0.7461
1 0.56733
1 0.632303
2 0.0620338
1 0.793652
1 0.693062
1 0.600607
1 0.767163
1 0.778282
obj002
---------------------------------------------------------
2 0.962714
2 0.962377
2 0.959525
2 0.946135
2 0.910709
2 0.948258
2 0.894193
2 0.918096
2 0.932785
2 0.936522
2 0.934808
2 0.8977
2 0.952679
2 0.963112
2 0.962941
2 0.940061
2 0.925387
2 0.966383
2 0.950303
2 0.960012
2 0.942745
2 0.969607
2 0.943893
2 0.963176
obj003
---------------------------------------------------------
3 0.709855
3 0.640097
3 0.775887
3 0.69985
3 0.672746
3 0.739766
3 0.701981
3 0.701009
3 0.677671
3 0.629712
3 0.723815
3 0.776011
3 0.716502
3 0.736658
3 0.684104
3 0.669622
3 0.64633
3 0.534586
3 0.717086
3 0.708368
3 0.691797
3 0.705517
3 0.724707
3 0.780075
obj004
---------------------------------------------------------
4 0.922288
4 0.880399
4 0.916382
4 0.922619
4 0.926682
4 0.862389
4 0.936774
4 0.924125
4 0.901146
4 0.846676
4 0.905511
4 0.86455
4 0.949158
4 0.86115
4 0.939596
4 0.923447
4 0.890829
4 0.8419
4 0.928724
4 0.908241
4 0.894894
4 0.907733
4 0.910906
4 0.93184
obj005
---------------------------------------------------------
5 0.796995
5 0.699322
5 0.773011
5 0.795464
5 0.785354
5 0.756497
5 0.843928
5 0.794238
5 0.824401
5 0.788057
5 0.811694
5 0.767267
5 0.689147
5 0.814239
5 0.831414
5 0.758224
5 0.79573
5 0.814424
5 0.706629
5 0.795029
5 0.778858
5 0.830615
5 0.801193
5 0.769631
obj006
---------------------------------------------------------
6 0.730731
6 0.624585
6 0.677418
6 0.780289
6 0.784437
6 0.772696
6 0.769011
6 0.798001
6 0.578983
6 0.655206
6 0.681495
6 0.725572
6 0.622842
6 0.756342
6 0.545691
6 0.731493
6 0.508875
6 0.621364
6 0.636237
6 0.569217
6 0.755759
6 0.699712
6 0.79858
6 0.671576
obj007
---------------------------------------------------------
7 0.902851
7 0.697546
7 0.918365
7 0.793154
7 0.904613
7 0.904237
7 0.894321
7 0.876635
7 0.895633
7 0.883939
7 0.320684
7 0.878343
7 0.846043
7 0.914316
7 0.889877
7 0.873089
7 0.911438
7 0.873323
7 0.894525
7 0.923802
7 0.776526
7 0.896389
7 0.907536
7 0.876691
obj008
---------------------------------------------------------
8 0.835165
8 0.840411
8 0.756335
8 0.820649
8 0.854526
8 0.822417
8 0.812303
8 0.815791
8 0.810507
8 0.851888
8 0.847405
8 0.818031
8 0.810844
8 0.879033
8 0.649571
8 0.702038
8 0.833405
8 0.86384
8 0.870748
8 0.80919
8 0.826408
8 0.708611
8 0.710685
8 0.869553
obj009
---------------------------------------------------------
9 0.803688
9 0.733084
9 0.833356
9 0.830479
9 0.81591
9 0.762409
9 0.652138
9 0.857442
9 0.826419
9 0.77391
9 0.843758
1 0.758585
9 0.788559
9 0.812695
9 0.804949
9 0.808586
9 0.807667
9 0.757388
9 0.770138
9 0.797162
9 0.823831
1 0.757572
1 0.787754
9 0.829272
----------------------------------------------------------
GRSD-colorCHLAC - rotation variant - (1001)
----------------------------------------------------------
obj000
---------------------------------------------------------
0 0.954591
0 0.923777
0 0.895959
0 0.960232
0 0.964845
0 0.957776
0 0.973375
0 0.969946
0 0.959157
0 0.960063
0 0.96957
0 0.968712
0 0.930387
0 0.964378
0 0.965236
0 0.931967
0 0.957561
0 0.956914
0 0.972005
0 0.925894
0 0.968372
0 0.948485
0 0.959459
0 0.966997
obj001
---------------------------------------------------------
1 0.81092
1 0.728295
1 0.692259
1 0.724814
1 0.84087
1 0.61575
1 0.525247
1 0.740145
1 0.821192
1 0.67458
1 0.697423
1 0.657791
1 0.840985
1 0.698263
1 0.747769
1 0.929707
1 0.902229
1 0.665421
0 0.0491728
1 0.862948
1 0.736635
1 0.894844
1 0.889421
1 0.942472
obj002
---------------------------------------------------------
2 0.994624
2 0.984219
2 0.98849
2 0.99638
2 0.961815
2 0.985817
2 0.975586
2 0.968312
2 0.985173
2 0.976173
2 0.992919
2 0.957363
2 0.989846
2 0.985466
2 0.991647
2 0.985749
2 0.992356
2 0.991852
2 0.976166
2 0.994372
2 0.985665
2 0.979127
2 0.972986
2 0.992931
obj003
---------------------------------------------------------
3 0.920485
3 0.875689
3 0.931593
3 0.928946
3 0.880833
3 0.870862
3 0.891666
3 0.894265
3 0.888588
3 0.770962
3 0.92591
3 0.906561
3 0.926891
3 0.932705
3 0.919069
3 0.862238
3 0.862855
3 0.648091
3 0.921134
3 0.903092
3 0.877786
3 0.92599
3 0.898662
3 0.958993
obj004
---------------------------------------------------------
4 0.949786
4 0.948577
4 0.966602
4 0.975119
4 0.957437
4 0.958055
4 0.985041
4 0.957621
4 0.965182
4 0.921717
4 0.947044
4 0.934037
4 0.96274
4 0.957864
4 0.935799
4 0.962109
4 0.963467
4 0.941108
4 0.953356
4 0.960536
4 0.935421
4 0.949277
4 0.969309
4 0.978545
obj005
---------------------------------------------------------
5 0.935612
5 0.871538
5 0.935049
5 0.916331
5 0.902663
5 0.908614
5 0.968781
5 0.901407
5 0.91905
5 0.932029
5 0.912788
5 0.904228
5 0.926219
5 0.932462
5 0.937316
5 0.887685
5 0.950772
5 0.945735
5 0.898152
5 0.961011
5 0.949253
5 0.956194
5 0.926629
5 0.930628
obj006
---------------------------------------------------------
6 0.850493
6 0.888848
6 0.914381
6 0.819685
6 0.871019
6 0.853375
6 0.915413
6 0.8758
6 0.841226
6 0.838252
6 0.742153
6 0.882104
6 0.933004
6 0.915027
6 0.870349
6 0.832007
6 0.888273
6 0.885054
6 0.837832
6 0.856906
6 0.885044
6 0.929645
6 0.876617
6 0.899017
obj007
---------------------------------------------------------
7 0.937629
7 0.865046
7 0.950027
7 0.923662
7 0.9523
7 0.959702
7 0.955554
7 0.971861
7 0.961059
7 0.945588
7 0.492862
7 0.979748
7 0.930109
7 0.960894
7 0.95721
7 0.949426
7 0.953923
7 0.956228
7 0.962525
7 0.962766
7 0.873466
7 0.966616
7 0.979417
7 0.957758
obj008
---------------------------------------------------------
8 0.923101
8 0.944809
8 0.881624
8 0.89868
8 0.95584
8 0.883341
8 0.876108
8 0.854155
8 0.929947
8 0.903783
8 0.896043
8 0.886805
8 0.892316
8 0.940835
8 0.891937
8 0.889183
8 0.907887
8 0.908785
8 0.939333
8 0.921589
8 0.892426
8 0.910599
8 0.913682
8 0.927499
obj009
---------------------------------------------------------
9 0.939736
9 0.900674
9 0.978687
9 0.972069
9 0.925855
9 0.955637
9 0.889962
9 0.969209
9 0.940047
9 0.973799
9 0.971788
9 0.88711
9 0.951929
9 0.932993
9 0.951939
9 0.969335
9 0.953541
9 0.964971
9 0.952938
9 0.951108
9 0.977488
9 0.953062
9 0.952715
9 0.937976
----------------------------------------------------------
GRSD (20)
----------------------------------------------------------
obj000
---------------------------------------------------------
3 1
0 1
0 1
2 1
3 1
0 1
1 0.999983
0 1
2 1
0 1
0 1
0 1
5 1
0 1
7 0.999979
0 1
4 1
0 1
5 1
2 1
0 1
8 1
2 1
0 1
obj001
---------------------------------------------------------
0 1
5 1
5 1
0 1
3 0.999999
3 1
0 1
5 1
0 0.999954
4 1
0 1
0 1
4 1
0 1
3 1
4 1
0 1
5 1
0 0.999991
0 0.999951
0 1
8 1
7 0.999998
0 0.999999
obj002
---------------------------------------------------------
4 1
0 1
0 1
1 1
2 1
2 1
2 1
2 1
4 1
0 1
2 1
0 1
2 1
3 1
0 1
5 1
3 1
4 1
0 1
4 1
2 1
4 1
3 1
2 1
obj003
---------------------------------------------------------
8 1
2 1
0 1
2 1
2 1
2 1
8 1
2 1
2 1
0 1
2 1
2 1
2 1
0 1
2 1
9 1
2 1
2 1
3 0.999999
2 1
2 1
2 1
3 0.999995
2 1
obj004
---------------------------------------------------------
4 1
2 1
2 1
2 1
4 1
2 1
2 1
2 1
0 1
8 1
4 1
2 1
4 1
4 1
0 1
4 1
4 1
4 1
4 1
2 1
2 1
4 1
4 1
2 1
obj005
---------------------------------------------------------
2 1
2 1
2 1
4 1
4 1
4 1
2 1
4 1
4 1
4 1
4 1
2 1
2 1
2 1
2 1
2 1
5 1
4 1
2 1
0 1
4 1
4 1
2 1
4 1
obj006
---------------------------------------------------------
2 1
2 1
2 1
2 1
2 1
0 1
3 0.999999
0 0.999988
0 1
2 1
2 1
1 1
2 1
0 0.999999
3 1
1 1
7 0.999939
2 1
4 1
2 1
2 1
2 1
2 1
4 1
obj007
---------------------------------------------------------
4 1
2 1
2 1
0 1
4 1
3 0.999999
2 1
2 1
4 1
2 1
7 0.995554
4 1
0 1
2 1
2 1
0 1
2 1
4 1
2 1
0 1
7 0.99998
4 1
0 1
0 1
obj008
---------------------------------------------------------
4 1
2 1
2 1
4 1
0 1
4 1
4 1
4 1
4 1
4 1
4 1
4 1
4 1
2 1
2 1
2 1
7 0.999998
2 1
2 1
2 1
2 1
2 1
7 0.999999
0 1
obj009
---------------------------------------------------------
2 1
2 1
2 1
2 1
4 1
0 1
2 1
2 1
2 1
2 1
2 1
2 1
7 0.999998
4 1
4 1
0 1
2 1
2 1
4 1
2 1
0 1
2 1
2 1
2 1
----------------------------------------------------------
GRSD-colorCHLAC - rotation invariant - (137)
----------------------------------------------------------
obj000
---------------------------------------------------------
0 0.972619
0 0.980747
0 0.958879
0 0.978194
0 0.98698
0 0.988044
0 0.937662
0 0.978862
0 0.973841
0 0.987307
0 0.980817
0 0.985751
0 0.96887
0 0.981316
0 0.957283
0 0.981447
0 0.985811
0 0.98617
0 0.975192
0 0.970106
0 0.975298
0 0.969008
0 0.988056
0 0.980552
obj001
---------------------------------------------------------
1 0.912337
1 0.78656
1 0.798879
1 0.897452
1 0.931937
1 0.933523
1 0.808423
1 0.862914
9 0.844807
1 0.848949
1 0.930406
1 0.779821
1 0.939778
1 0.851634
1 0.78616
1 0.927737
1 0.864765
1 0.801412
0 0.177868
1 0.914769
1 0.853896
1 0.892476
1 0.936189
1 0.941014
obj002
---------------------------------------------------------
2 0.666035
2 0.782164
2 0.863702
2 0.879211
2 0.733656
2 0.873546
2 0.580268
2 0.744952
2 0.715509
2 0.789955
2 0.745738
2 0.856791
2 0.896593
2 0.851458
2 0.873743
2 0.858848
2 0.643682
2 0.680794
2 0.832453
2 0.707961
2 0.732228
2 0.771178
2 0.789245
2 0.892947
obj003
---------------------------------------------------------
3 0.945864
3 0.980326
3 0.952961
3 0.941595
3 0.976036
3 0.945766
3 0.962197
3 0.922128
3 0.932688
3 0.869117
3 0.973642
3 0.96649
3 0.941848
3 0.946871
3 0.943911
3 0.945953
3 0.948486
3 0.745787
3 0.925979
3 0.948777
3 0.937726
3 0.964497
3 0.891201
3 0.976662
obj004
---------------------------------------------------------
4 0.991114
4 0.98954
4 0.995427
4 0.988325
4 0.985073
4 0.986854
4 0.989225
4 0.974009
4 0.990422
4 0.985622
4 0.991504
4 0.97879
4 0.981352
4 0.981504
4 0.978493
4 0.992185
4 0.991224
4 0.96791
4 0.987412
4 0.985555
4 0.967174
4 0.985998
4 0.99268
4 0.990924
obj005
---------------------------------------------------------
5 0.957432
5 0.9088
5 0.948512
5 0.939636
5 0.926813
5 0.849888
5 0.942299
5 0.857975
5 0.911621
5 0.927494
5 0.954585
5 0.959307
5 0.921998
5 0.929328
5 0.941094
5 0.937879
5 0.850147
5 0.911832
5 0.643848
5 0.933179
5 0.849351
5 0.87113
5 0.914658
5 0.927932
obj006
---------------------------------------------------------
6 0.745616
6 0.899416
6 0.925629
6 0.850073
6 0.904478
6 0.945505
6 0.930858
6 0.896687
6 0.785258
6 0.744317
6 0.93198
6 0.857765
6 0.882212
6 0.9283
6 0.879443
6 0.895328
6 0.496782
6 0.805728
6 0.921833
6 0.831366
6 0.949139
6 0.888741
6 0.892245
6 0.841567
obj007
---------------------------------------------------------
7 0.990369
7 0.947058
7 0.989476
7 0.961378
7 0.98974
7 0.986336
7 0.991244
7 0.984058
7 0.995428
7 0.991316
7 0.44255
7 0.99659
7 0.969282
7 0.973824
7 0.989042
7 0.983158
7 0.989842
7 0.984281
7 0.986982
7 0.981598
7 0.950678
7 0.987279
7 0.995007
7 0.991608
obj008
---------------------------------------------------------
8 0.824238
8 0.948627
8 0.937505
8 0.916205
8 0.949761
8 0.889792
8 0.945384
8 0.843686
8 0.925429
8 0.931036
8 0.957577
8 0.953721
8 0.941296
8 0.925722
8 0.862384
8 0.910698
8 0.938973
8 0.920294
8 0.944572
8 0.936774
8 0.950529
8 0.96213
8 0.863866
8 0.971855
obj009
---------------------------------------------------------
9 0.961702
9 0.968309
9 0.972204
9 0.98393
9 0.975983
9 0.96873
9 0.932141
9 0.974424
9 0.982638
9 0.971521
9 0.971025
9 0.9625
9 0.955917
9 0.966446
9 0.981115
9 0.977372
9 0.96669
9 0.981419
9 0.983686
9 0.952863
9 0.987011
9 0.972622
9 0.975934
9 0.958263
